Growth,Loss,Stable,id
0.08999999999999997,0.08999999999999997,0.8200000000000001,87950922
0.25,0.5,0.25,81395819
0.125,0.125,0.75,84152401
0.08333333333333337,0.08333333333333337,0.8333333333333333,66411237
0.14583333333333331,0.14583333333333331,0.7083333333333334,29398292
0.125,0.125,0.75,97187302
0.04166666666666663,0.04166666666666663,0.9166666666666667,76577468
0.15333333333333332,0.15333333333333332,0.6933333333333334,34090186
0.20833333333333331,0.5833333333333334,0.20833333333333331,54194878
0.22249999999999998,0.22249999999999998,0.555,23083100
0.0,0.0,1.0,40450920
0.15499999999999997,0.6900000000000001,0.15499999999999997,86348793
0.0,0.0,1.0,32106641
0.375,0.375,0.25,92692533
0.04166666666666663,0.04166666666666663,0.9166666666666667,13068541
0.08333333333333337,0.08333333333333337,0.8333333333333333,7462434
0.15833333333333333,0.6833333333333333,0.15833333333333333,96421580
0.18083333333333335,0.18083333333333335,0.6383333333333333,24892701
0.06916666666666671,0.06916666666666671,0.8616666666666666,79842933
0.05833333333333335,0.05833333333333335,0.8833333333333333,94123684
0.09666666666666668,0.8066666666666666,0.09666666666666668,89126486
0.14999999999999997,0.14999999999999997,0.7000000000000001,54707156
0.07666666666666666,0.8466666666666667,0.07666666666666666,26822782
0.023333333333333317,0.023333333333333317,0.9533333333333334,53693425
0.08333333333333337,0.08333333333333337,0.8333333333333333,24933449
0.03916666666666668,0.03916666666666668,0.9216666666666666,76577468
0.18333333333333335,0.6333333333333333,0.18333333333333335,85905978
0.10416666666666663,0.10416666666666663,0.7916666666666667,1658418
0.010000000000000009,0.010000000000000009,0.98,40950100
0.20833333333333331,0.20833333333333331,0.5833333333333334,83301603
0.04833333333333334,0.04833333333333334,0.9033333333333333,32106641
0.05666666666666664,0.05666666666666664,0.8866666666666667,91550861
0.04916666666666669,0.04916666666666669,0.9016666666666666,90568492
0.04416666666666669,0.9116666666666666,0.04416666666666669,83604768
0.04166666666666663,0.04166666666666663,0.9166666666666667,25149672
0.04416666666666669,0.04416666666666669,0.9116666666666666,8462380
0.046666666666666634,0.046666666666666634,0.9066666666666667,24892701
0.03500000000000003,0.03500000000000003,0.9299999999999999,19689836
0.06999999999999995,0.06999999999999995,0.8600000000000001,43610137
0.11083333333333334,0.11083333333333334,0.7783333333333333,62714787
0.31916666666666665,0.3616666666666667,0.31916666666666665,81395819
0.25,0.5,0.25,89126486
0.36083333333333334,0.36083333333333334,0.2783333333333333,32975512
0.25,0.25,0.5,64608259
0.4,0.2,0.4,57875477
0.4175,0.16499999999999998,0.4175,69839659
0.3766666666666667,0.3766666666666667,0.24666666666666665,34090186
0.3125,0.375,0.3125,85905978
0.25,0.5,0.25,21844220
0.25,0.25,0.5,69004695
0.41333333333333333,0.17333333333333334,0.41333333333333333,67178806
0.4508333333333333,0.09833333333333333,0.4508333333333333,30523289
0.38916666666666666,0.22166666666666668,0.38916666666666666,92692533
0.3325,0.33499999999999996,0.3325,91550861
0.3333333333333333,0.33333333333333337,0.3333333333333333,66357229
0.25,0.25,0.5,65778899
0.38916666666666666,0.22166666666666662,0.38916666666666666,14107830
0.3466666666666667,0.30666666666666664,0.3466666666666667,72972604
0.15166666666666667,0.4241666666666667,0.4241666666666667,79842933
0.36083333333333334,0.2783333333333333,0.36083333333333334,19689836
0.4375,0.125,0.4375,22546504
0.38916666666666666,0.22166666666666668,0.38916666666666666,786489
0.27416666666666667,0.27416666666666667,0.45166666666666666,84152401
0.1975,0.1975,0.605,54707156
0.35583333333333333,0.28833333333333333,0.35583333333333333,32975512
0.39666666666666667,0.39666666666666667,0.20666666666666667,69249222
0.23583333333333334,0.23583333333333334,0.5283333333333333,53355015
0.375,0.375,0.25,14499395
0.17666666666666664,0.6466666666666667,0.17666666666666664,54194878
0.17083333333333334,0.17083333333333334,0.6583333333333333,74809158
0.3225,0.3225,0.355,21844220
0.1875,0.1875,0.625,2430050
0.3833333333333333,0.3833333333333333,0.23333333333333334,26861268
0.27083333333333337,0.4583333333333333,0.27083333333333337,13068541
0.15416666666666667,0.15416666666666667,0.6916666666666667,90568492
0.40249999999999997,0.195,0.40249999999999997,66357229
0.15250000000000002,0.15250000000000002,0.695,49607116
0.4058333333333333,0.18833333333333335,0.4058333333333333,19757086
0.34500000000000003,0.34500000000000003,0.30999999999999994,18472705
0.22916666666666669,0.22916666666666669,0.5416666666666666,43610137
0.16166666666666668,0.16166666666666668,0.6766666666666666,22546504
0.375,0.375,0.25,42487167
0.0,0.0,1.0,66411237
0.01666666666666672,0.9666666666666666,0.01666666666666672,26822782
0.008333333333333304,0.008333333333333304,0.9833333333333334,64608259
0.05666666666666664,0.8866666666666667,0.05666666666666664,69249222
0.125,0.125,0.75,33246590
0.0,0.0,1.0,50043403
0.0,0.0,1.0,23083100
0.033333333333333326,0.033333333333333326,0.9333333333333333,1658418
0.0,0.0,1.0,2430050
0.01666666666666672,0.01666666666666672,0.9666666666666666,21053593
0.08333333333333337,0.08333333333333337,0.8333333333333333,55392938
0.08333333333333337,0.8333333333333333,0.08333333333333337,83604768
0.08333333333333337,0.08333333333333337,0.8333333333333333,65778899
0.0,0.0,1.0,49607116
0.08333333333333337,0.08333333333333337,0.8333333333333333,77779142
0.125,0.125,0.75,4462248
0.16666666666666669,0.16666666666666669,0.6666666666666666,18250573
0.16666666666666669,0.16666666666666669,0.6666666666666666,62714787
0.050000000000000044,0.8999999999999999,0.050000000000000044,786489
0.08333333333333337,0.08333333333333337,0.8333333333333333,42487167
0.008333333333333304,0.008333333333333304,0.9833333333333334,53693425
0.11166666666666669,0.11166666666666669,0.7766666666666666,57875477
0.18666666666666665,0.18666666666666665,0.6266666666666667,33246590
0.05833333333333335,0.8833333333333333,0.05833333333333335,1131061
0.27083333333333337,0.4583333333333333,0.27083333333333337,67178806
0.11166666666666669,0.11166666666666669,0.7766666666666666,26861268
0.30583333333333335,0.30583333333333335,0.3883333333333333,21053593
0.3058333333333333,0.38833333333333336,0.3058333333333333,7462434
0.15333333333333332,0.15333333333333332,0.6933333333333334,25149672
0.22499999999999998,0.22499999999999998,0.55,14107830
0.3333333333333333,0.33333333333333337,0.3333333333333333,19757086
0.14166666666666666,0.7166666666666667,0.14166666666666666,77779142
0.3125,0.375,0.3125,51945969
0.22916666666666669,0.5416666666666666,0.22916666666666669,75129394
0.01666666666666672,0.01666666666666672,0.9666666666666666,55666943
0.41666666666666663,0.41666666666666663,0.16666666666666669,91270257
0.08333333333333337,0.08333333333333337,0.8333333333333333,40950100
0.41666666666666663,0.41666666666666663,0.16666666666666669,73771223
0.375,0.375,0.25,23284643
0.25,0.25,0.5,29398292
0.08333333333333337,0.8333333333333333,0.08333333333333337,4462248
0.22916666666666669,0.22916666666666669,0.5416666666666666,51945969
0.08333333333333337,0.8333333333333333,0.08333333333333337,91977286
0.125,0.125,0.75,97187302
0.8333333333333333,0.08333333333333337,0.08333333333333337,24933449
0.08333333333333337,0.8333333333333333,0.08333333333333337,50043403
0.20833333333333331,0.5833333333333334,0.20833333333333331,1131061
0.08333333333333337,0.8333333333333333,0.08333333333333337,86348793
0.16666666666666669,0.6666666666666666,0.16666666666666669,30523289
0.29166666666666663,0.4166666666666667,0.29166666666666663,96421580
0.08333333333333337,0.08333333333333337,0.8333333333333333,8462380
0.16666666666666669,0.6666666666666666,0.16666666666666669,72972604
0.19416666666666665,0.6116666666666667,0.19416666666666665,83301603
0.3125,0.375,0.3125,28247858
0.29166666666666663,0.29166666666666663,0.4166666666666667,55392938
0.16666666666666669,0.16666666666666669,0.6666666666666666,73771223
0.25,0.25,0.5,18472705
0.3333333333333333,0.33333333333333337,0.3333333333333333,2068714
0.25,0.25,0.5,68178730
0.08333333333333337,0.8333333333333333,0.08333333333333337,51970690
0.3616666666666667,0.3616666666666667,0.2766666666666666,75129394
0.16666666666666669,0.16666666666666669,0.6666666666666666,2068714
0.16666666666666669,0.16666666666666669,0.6666666666666666,15845955
0.29166666666666663,0.29166666666666663,0.4166666666666667,78809525
0.3541666666666667,0.29166666666666663,0.3541666666666667,17818825
0.26416666666666666,0.26416666666666666,0.4716666666666667,8290514
0.22916666666666669,0.22916666666666669,0.5416666666666666,32787998
0.17083333333333334,0.17083333333333334,0.6583333333333333,62095235
0.3833333333333333,0.23333333333333334,0.3833333333333333,34678995
0.16666666666666669,0.6666666666666666,0.16666666666666669,28442044
0.3125,0.375,0.3125,53610570
0.16666666666666669,0.16666666666666669,0.6666666666666666,74231007
0.19416666666666665,0.19416666666666665,0.6116666666666667,66622881
0.19416666666666665,0.19416666666666665,0.6116666666666667,46471115
0.41666666666666663,0.41666666666666663,0.16666666666666669,71006690
0.29166666666666663,0.29166666666666663,0.4166666666666667,85900529
0.27083333333333337,0.4583333333333333,0.27083333333333337,64039525
0.2416666666666667,0.5166666666666666,0.2416666666666667,5104092
0.26666666666666666,0.26666666666666666,0.4666666666666667,83594459
0.26666666666666666,0.26666666666666666,0.4666666666666667,3876631
0.13166666666666665,0.13166666666666665,0.7366666666666667,23284643
0.1875,0.1875,0.625,91977286
0.08333333333333337,0.08333333333333337,0.8333333333333333,15845955
0.17416666666666664,0.17416666666666664,0.6516666666666667,9220369
0.11083333333333334,0.11083333333333334,0.7783333333333333,80277766
0.025833333333333375,0.9483333333333333,0.025833333333333375,24747903
0.20833333333333331,0.20833333333333331,0.5833333333333334,44677663
0.08333333333333337,0.08333333333333337,0.8333333333333333,53249296
0.2625,0.475,0.2625,62095235
0.09166666666666667,0.09166666666666667,0.8166666666666667,89098941
0.1875,0.1875,0.625,67290870
0.08833333333333337,0.08833333333333337,0.8233333333333333,95981436
0.09750000000000003,0.09750000000000003,0.8049999999999999,40027003
0.08333333333333337,0.08333333333333337,0.8333333333333333,88527044
0.08999999999999997,0.08999999999999997,0.8200000000000001,82156017
0.05166666666666664,0.05166666666666664,0.8966666666666667,68885921
0.13916666666666666,0.13916666666666666,0.7216666666666667,15498542
0.07250000000000001,0.07250000000000001,0.855,35377485
0.2341666666666667,0.2341666666666667,0.5316666666666666,83594459
0.09083333333333332,0.09083333333333332,0.8183333333333334,75062547
0.3125,0.375,0.3125,68178730
0.325,0.325,0.35,9220369
0.4258333333333333,0.14833333333333337,0.4258333333333333,94831135
0.375,0.375,0.25,6190663
0.4375,0.125,0.4375,4216413
0.36083333333333334,0.2783333333333333,0.36083333333333334,84489052
0.4175,0.16499999999999998,0.4175,34678995
0.36083333333333334,0.2783333333333333,0.36083333333333334,89098941
0.3125,0.375,0.3125,68751961
0.34,0.34,0.31999999999999995,42018273
0.4033333333333333,0.4033333333333333,0.19333333333333336,78328177
0.375,0.25,0.375,46182071
0.3383333333333333,0.32333333333333336,0.3383333333333333,46471115
0.3325,0.3325,0.33499999999999996,88527044
0.375,0.25,0.375,62856672
0.3325,0.3325,0.33499999999999996,32467637
0.4175,0.4175,0.16499999999999998,18569680
0.3383333333333333,0.32333333333333336,0.3383333333333333,12758004
0.4033333333333333,0.19333333333333336,0.4033333333333333,3876631
0.4175,0.4175,0.16499999999999998,75062547
0.3541666666666667,0.3541666666666667,0.29166666666666663,91270257
0.3541666666666667,0.29166666666666663,0.3541666666666667,51970690
0.41666666666666663,0.41666666666666663,0.16666666666666669,17818825
0.3308333333333333,0.3383333333333333,0.3308333333333333,80277766
0.4083333333333333,0.18333333333333335,0.4083333333333333,94831135
0.23583333333333334,0.23583333333333334,0.5283333333333333,65313888
0.41666666666666663,0.41666666666666663,0.16666666666666669,18316811
0.14166666666666666,0.7166666666666667,0.14166666666666666,55572137
0.41666666666666663,0.41666666666666663,0.16666666666666669,28442044
0.16666666666666669,0.6666666666666666,0.16666666666666669,68751961
0.37916666666666665,0.37916666666666665,0.24166666666666664,70780017
0.44499999999999995,0.11000000000000004,0.44499999999999995,89076703
0.22249999999999998,0.22249999999999998,0.555,71006690
0.11083333333333334,0.11083333333333334,0.7783333333333333,82156017
0.29166666666666663,0.4166666666666667,0.29166666666666663,62856672
0.36083333333333334,0.36083333333333334,0.2783333333333333,61886939
0.2875,0.2875,0.425,59404333
0.2683333333333333,0.2683333333333333,0.4633333333333333,44941728
0.3333333333333333,0.3333333333333333,0.33333333333333337,48181909
0.20833333333333331,0.20833333333333331,0.5833333333333334,45160745
0.0,0.0,1.0,83656683
0.08333333333333337,0.08333333333333337,0.8333333333333333,8290514
0.0,1.0,0.0,24747903
0.08333333333333337,0.08333333333333337,0.8333333333333333,6190663
0.0625,0.0625,0.875,65313888
0.08333333333333337,0.08333333333333337,0.8333333333333333,59472915
0.05583333333333329,0.05583333333333329,0.8883333333333334,80397483
0.06999999999999995,0.8600000000000001,0.06999999999999995,53610570
0.09333333333333338,0.09333333333333338,0.8133333333333332,42018273
0.020000000000000018,0.020000000000000018,0.96,70780017
0.13916666666666666,0.13916666666666666,0.7216666666666667,81432477
0.04166666666666663,0.04166666666666663,0.9166666666666667,31193025
0.08333333333333337,0.08333333333333337,0.8333333333333333,85900529
0.125,0.125,0.75,68885921
0.08333333333333337,0.08333333333333337,0.8333333333333333,32467637
0.04166666666666663,0.04166666666666663,0.9166666666666667,24038078
0.0,0.0,1.0,91112080
0.16666666666666669,0.16666666666666669,0.6666666666666666,57588578
0.0,1.0,0.0,88369095
0.9166666666666667,0.04166666666666663,0.04166666666666663,83158288
0.29166666666666663,0.4166666666666667,0.29166666666666663,16028015
0.29166666666666663,0.29166666666666663,0.4166666666666667,71071171
0.16666666666666669,0.6666666666666666,0.16666666666666669,4216413
0.14166666666666666,0.14166666666666666,0.7166666666666667,18316811
0.45833333333333337,0.45833333333333337,0.08333333333333331,59472915
0.4308333333333333,0.13833333333333336,0.4308333333333333,53298392
0.08333333333333337,0.08333333333333337,0.8333333333333333,74231007
0.08333333333333337,0.08333333333333337,0.8333333333333333,95981436
0.45833333333333337,0.45833333333333337,0.08333333333333331,78328177
0.16666666666666669,0.16666666666666669,0.6666666666666666,89076703
0.2833333333333333,0.2833333333333333,0.43333333333333335,81432477
0.125,0.125,0.75,22318032
0.375,0.25,0.375,64039525
0.375,0.375,0.25,18569680
0.20833333333333331,0.20833333333333331,0.5833333333333334,59404333
0.0,0.0,1.0,24038078
0.45833333333333337,0.45833333333333337,0.08333333333333331,64960015
0.375,0.375,0.25,28903669
0.125,0.125,0.75,6533273
0.20833333333333331,0.20833333333333331,0.5833333333333334,44677663
0.16666666666666669,0.16666666666666669,0.6666666666666666,83158288
0.16666666666666669,0.6666666666666666,0.16666666666666669,16028015
0.16666666666666669,0.16666666666666669,0.6666666666666666,32787998
0.08333333333333337,0.08333333333333337,0.8333333333333333,53249296
0.16666666666666669,0.6666666666666666,0.16666666666666669,84489052
0.08333333333333337,0.8333333333333333,0.08333333333333337,81677574
0.0,1.0,0.0,55572137
0.16666666666666669,0.16666666666666669,0.6666666666666666,80397483
0.20833333333333331,0.20833333333333331,0.5833333333333334,53298392
0.25,0.5,0.25,46182071
0.3333333333333333,0.3333333333333333,0.33333333333333337,38454164
0.16666666666666669,0.16666666666666669,0.6666666666666666,31193025
0.25,0.25,0.5,22318032
0.25,0.5,0.25,5104092
0.25,0.5,0.25,35377485
0.08333333333333337,0.8333333333333333,0.08333333333333337,12758004
0.16666666666666669,0.16666666666666669,0.6666666666666666,44941728
0.3333333333333333,0.3333333333333333,0.33333333333333337,91112080
0.27749999999999997,0.445,0.27749999999999997,64960015
0.25,0.25,0.5,91704887
0.2875,0.2875,0.425,48181909
0.16666666666666669,0.16666666666666669,0.6666666666666666,57588578
0.2583333333333333,0.2583333333333333,0.48333333333333334,28903669
0.16666666666666669,0.6666666666666666,0.16666666666666669,81677574
0.2833333333333333,0.2833333333333333,0.43333333333333335,16807909
0.16666666666666669,0.16666666666666669,0.6666666666666666,42271433
0.16666666666666669,0.6666666666666666,0.16666666666666669,38290846
0.29166666666666663,0.29166666666666663,0.4166666666666667,35006114
0.22249999999999998,0.22249999999999998,0.555,20713890
0.16666666666666669,0.6666666666666666,0.16666666666666669,65254217
0.16666666666666669,0.16666666666666669,0.6666666666666666,52597308
0.41666666666666663,0.16666666666666669,0.41666666666666663,66193726
0.16666666666666669,0.6666666666666666,0.16666666666666669,73000893
0.16666666666666669,0.16666666666666669,0.6666666666666666,75437634
0.275,0.275,0.45,84589977
0.20833333333333331,0.20833333333333331,0.5833333333333334,96011716
0.41666666666666663,0.16666666666666669,0.41666666666666663,76432632
0.28583333333333333,0.28583333333333333,0.42833333333333334,30183405
0.3666666666666667,0.2666666666666666,0.3666666666666667,46942368
0.34,0.31999999999999995,0.34,26594139
0.36666666666666664,0.2666666666666667,0.36666666666666664,71071171
0.22499999999999998,0.22499999999999998,0.55,39409814
0.2783333333333333,0.2783333333333333,0.44333333333333336,45160745
0.21500000000000002,0.21500000000000002,0.57,88369095
0.03083333333333338,0.03083333333333338,0.9383333333333332,6533273
0.18083333333333335,0.18083333333333335,0.6383333333333333,91704887
0.09750000000000003,0.09750000000000003,0.8049999999999999,16807909
0.09750000000000003,0.09750000000000003,0.8049999999999999,75338200
0.3225,0.3225,0.355,7581613
0.1875,0.625,0.1875,1589145
0.20166666666666666,0.20166666666666666,0.5966666666666667,27798249
0.20166666666666666,0.20166666666666666,0.5966666666666667,97425135
0.13166666666666665,0.13166666666666665,0.7366666666666667,39699194
0.15499999999999997,0.15499999999999997,0.6900000000000001,15484062
0.07166666666666666,0.07166666666666666,0.8566666666666667,10351455
0.07666666666666666,0.07666666666666666,0.8466666666666667,78721587
0.33416666666666667,0.33416666666666667,0.33166666666666667,27211901
0.5,0.5,0.0,76432632
0.08333333333333337,0.08333333333333337,0.8333333333333333,5451556
0.09333333333333332,0.09333333333333332,0.8133333333333334,92137362
0.25,0.25,0.5,27515072
0.15916666666666668,0.15916666666666668,0.6816666666666666,80774023
0.09750000000000003,0.8049999999999999,0.09750000000000003,39409814
0.255,0.255,0.49,76897553
0.07583333333333331,0.07583333333333331,0.8483333333333334,71295829
0.4241666666666667,0.4241666666666667,0.15166666666666667,86800950
0.125,0.75,0.125,60429406
0.04999999999999993,0.04999999999999993,0.9000000000000001,42271433
0.0,0.0,1.0,75338200
0.3541666666666667,0.29166666666666663,0.3541666666666667,7958363
0.04999999999999993,0.04999999999999993,0.9000000000000001,71969357
0.13916666666666666,0.13916666666666666,0.7216666666666667,60481508
0.4575,0.08500000000000002,0.4575,56114493
0.4175,0.4175,0.16499999999999998,66193726
0.45999999999999996,0.45999999999999996,0.08000000000000002,39699194
0.1875,0.625,0.1875,2024909
0.08999999999999997,0.8200000000000001,0.08999999999999997,56527992
0.3466666666666667,0.3466666666666667,0.30666666666666664,96397323
0.2375,0.2375,0.525,54020410
0.32583333333333336,0.3483333333333333,0.32583333333333336,30183405
0.1175,0.1175,0.765,5451556
0.09750000000000003,0.8049999999999999,0.09750000000000003,80552847
0.32583333333333336,0.32583333333333336,0.3483333333333333,21938453
0.4275,0.14500000000000002,0.4275,55666943
0.36083333333333334,0.36083333333333334,0.2783333333333333,78809525
0.3333333333333333,0.33333333333333337,0.3333333333333333,76897553
0.20833333333333331,0.20833333333333331,0.5833333333333334,64899219
0.3475,0.30500000000000005,0.3475,11122783
0.26416666666666666,0.26416666666666666,0.4716666666666667,13664861
0.29166666666666663,0.4166666666666667,0.29166666666666663,38290846
0.3333333333333333,0.33333333333333337,0.3333333333333333,7581613
0.3333333333333333,0.3333333333333333,0.33333333333333337,7958363
0.41666666666666663,0.16666666666666669,0.41666666666666663,28568145
0.3333333333333333,0.3333333333333333,0.33333333333333337,93109246
0.375,0.375,0.25,34307115
0.25,0.5,0.25,73000893
0.20833333333333331,0.20833333333333331,0.5833333333333334,15484062
0.29166666666666663,0.4166666666666667,0.29166666666666663,2024909
0.16666666666666669,0.16666666666666669,0.6666666666666666,96016585
0.375,0.25,0.375,52405413
0.16666666666666669,0.16666666666666669,0.6666666666666666,56663273
0.45833333333333337,0.45833333333333337,0.08333333333333331,46942368
0.3333333333333333,0.33333333333333337,0.3333333333333333,92137362
0.3333333333333333,0.33333333333333337,0.3333333333333333,80552847
0.20833333333333331,0.20833333333333331,0.5833333333333334,93137713
0.22499999999999998,0.22499999999999998,0.55,80774023
0.375,0.375,0.25,38454164
0.24333333333333335,0.24333333333333335,0.5133333333333333,71295829
0.15999999999999998,0.15999999999999998,0.68,64899219
0.13166666666666665,0.7366666666666667,0.13166666666666665,67593577
0.2783333333333333,0.2783333333333333,0.44333333333333336,67869475
0.16666666666666669,0.16666666666666669,0.6666666666666666,35006114
0.011666666666666714,0.9766666666666666,0.011666666666666714,1589145
0.16666666666666669,0.16666666666666669,0.6666666666666666,71969357
0.23916666666666664,0.23916666666666664,0.5216666666666667,28568145
0.16666666666666669,0.16666666666666669,0.6666666666666666,26295944
0.125,0.125,0.75,148142
0.16666666666666669,0.16666666666666669,0.6666666666666666,75437634
0.0,1.0,0.0,10351455
0.14583333333333331,0.14583333333333331,0.7083333333333334,56527992
0.16666666666666669,0.16666666666666669,0.6666666666666666,96016585
0.1875,0.1875,0.625,80220413
0.3333333333333333,0.3333333333333333,0.33333333333333337,40107720
0.15333333333333332,0.15333333333333332,0.6933333333333334,26594139
0.29333333333333333,0.29333333333333333,0.41333333333333333,27515072
0.2025,0.2025,0.595,21938453
0.20833333333333331,0.20833333333333331,0.5833333333333334,93137713
0.21916666666666668,0.21916666666666668,0.5616666666666666,67290870
0.16666666666666669,0.16666666666666669,0.6666666666666666,61886939
0.41666666666666663,0.41666666666666663,0.16666666666666669,86800950
0.25,0.5,0.25,11122783
0.08333333333333337,0.8333333333333333,0.08333333333333337,67593577
0.20833333333333331,0.5833333333333334,0.20833333333333331,48296247
0.125,0.125,0.75,20713890
0.375,0.375,0.25,27798249
0.3333333333333333,0.3333333333333333,0.33333333333333337,60481508
0.45833333333333337,0.08333333333333331,0.45833333333333337,93109246
0.08333333333333337,0.08333333333333337,0.8333333333333333,26295944
0.20833333333333331,0.5833333333333334,0.20833333333333331,46215217
0.41666666666666663,0.41666666666666663,0.16666666666666669,84589977
0.20833333333333331,0.20833333333333331,0.5833333333333334,78721587
0.3333333333333333,0.3333333333333333,0.33333333333333337,96397323
0.3333333333333333,0.3333333333333333,0.33333333333333337,52405413
0.25,0.25,0.5,80220413
0.20833333333333331,0.20833333333333331,0.5833333333333334,20880708
0.20833333333333331,0.20833333333333331,0.5833333333333334,79047989
0.20833333333333331,0.20833333333333331,0.5833333333333334,91747824
0.20833333333333331,0.20833333333333331,0.5833333333333334,23577275
0.125,0.125,0.75,51295323
0.3333333333333333,0.3333333333333333,0.33333333333333337,83656683
0.3333333333333333,0.33333333333333337,0.3333333333333333,15498542
0.25,0.5,0.25,60429406
0.25,0.25,0.5,13664861
0.3333333333333333,0.33333333333333337,0.3333333333333333,67869475
0.3541666666666667,0.29166666666666663,0.3541666666666667,48296247
0.10416666666666663,0.7916666666666667,0.10416666666666663,65254217
0.16666666666666669,0.16666666666666669,0.6666666666666666,97425135
0.375,0.375,0.25,56114493
0.25,0.25,0.5,34307115
0.22916666666666669,0.22916666666666669,0.5416666666666666,148142
0.20833333333333331,0.5833333333333334,0.20833333333333331,46215217
0.22916666666666669,0.22916666666666669,0.5416666666666666,96011716
0.25,0.25,0.5,27211901
0.25,0.25,0.5,54020410
0.195,0.195,0.61,56663273
0.25,0.5,0.25,66622881
0.29166666666666663,0.29166666666666663,0.4166666666666667,40107720
0.25,0.5,0.25,20880708
0.375,0.25,0.375,8835255
0.25,0.25,0.5,94638951
0.27083333333333337,0.27083333333333337,0.4583333333333333,40027003
0.25,0.25,0.5,32007075
0.29166666666666663,0.4166666666666667,0.29166666666666663,23179987
0.20833333333333331,0.20833333333333331,0.5833333333333334,19204019
0.19416666666666665,0.19416666666666665,0.6116666666666667,75533724
0.16666666666666669,0.6666666666666666,0.16666666666666669,31925560
0.16666666666666669,0.6666666666666666,0.16666666666666669,95915841
0.16666666666666669,0.16666666666666669,0.6666666666666666,6355755
0.35,0.35,0.30000000000000004,96506508
0.16666666666666669,0.16666666666666669,0.6666666666666666,75117306
0.25,0.5,0.25,27105696
0.29166666666666663,0.4166666666666667,0.29166666666666663,3256595
0.3333333333333333,0.3333333333333333,0.33333333333333337,91153471
0.20833333333333331,0.20833333333333331,0.5833333333333334,45931926
0.29166666666666663,0.29166666666666663,0.4166666666666667,56092979
0.2816666666666667,0.2816666666666667,0.43666666666666665,84235564
0.16666666666666669,0.16666666666666669,0.6666666666666666,20196685
0.1875,0.1875,0.625,45674038
0.16666666666666669,0.6666666666666666,0.16666666666666669,51013065
0.29833333333333334,0.29833333333333334,0.4033333333333333,22551424
0.39583333333333337,0.39583333333333337,0.20833333333333331,54499254
0.3541666666666667,0.29166666666666663,0.3541666666666667,2721769
0.3333333333333333,0.33333333333333337,0.3333333333333333,18250573
0.16416666666666668,0.16416666666666668,0.6716666666666666,19204019
0.21916666666666668,0.21916666666666668,0.5616666666666666,47448092
0.1275,0.1275,0.745,78657650
0.19416666666666665,0.19416666666666665,0.6116666666666667,58835211
0.19416666666666665,0.19416666666666665,0.6116666666666667,14576450
0.11166666666666669,0.11166666666666669,0.7766666666666666,75117306
0.08999999999999997,0.08999999999999997,0.8200000000000001,79045706
0.27749999999999997,0.27749999999999997,0.445,29085874
0.11166666666666669,0.7766666666666666,0.11166666666666669,74338859
0.28500000000000003,0.28500000000000003,0.43,48015767
0.27083333333333337,0.27083333333333337,0.4583333333333333,29158350
0.2816666666666667,0.2816666666666667,0.43666666666666665,52254958
0.17666666666666664,0.17666666666666664,0.6466666666666667,37193289
0.15250000000000002,0.15250000000000002,0.695,55400962
0.11833333333333329,0.11833333333333329,0.7633333333333334,80122503
0.1875,0.1875,0.625,49570556
0.16749999999999998,0.16749999999999998,0.665,91186758
0.1216666666666667,0.1216666666666667,0.7566666666666666,22551424
0.08583333333333332,0.08583333333333332,0.8283333333333334,87950922
0.06916666666666671,0.06916666666666671,0.8616666666666666,74809158
0.15583333333333332,0.6883333333333334,0.15583333333333332,73698383
0.16666666666666669,0.6666666666666666,0.16666666666666669,31925560
0.305,0.305,0.39,47448092
0.16666666666666669,0.16666666666666669,0.6666666666666666,70550509
0.08333333333333337,0.08333333333333337,0.8333333333333333,34403085
0.3541666666666667,0.3541666666666667,0.29166666666666663,38996901
0.29166666666666663,0.4166666666666667,0.29166666666666663,63049873
0.25,0.5,0.25,3256595
0.41666666666666663,0.41666666666666663,0.16666666666666669,29085874
0.29166666666666663,0.4166666666666667,0.29166666666666663,13822452
0.1875,0.1875,0.625,50282063
0.3125,0.3125,0.375,43297700
0.16666666666666669,0.6666666666666666,0.16666666666666669,66406152
0.41666666666666663,0.41666666666666663,0.16666666666666669,84235564
0.3541666666666667,0.3541666666666667,0.29166666666666663,60468536
0.15250000000000002,0.15250000000000002,0.695,5112781
0.3333333333333333,0.33333333333333337,0.3333333333333333,17728085
0.3333333333333333,0.33333333333333337,0.3333333333333333,89593141
0.3125,0.3125,0.375,40332342
0.375,0.375,0.25,98678088
0.3333333333333333,0.33333333333333337,0.3333333333333333,28247858
0.22916666666666669,0.5416666666666666,0.22916666666666669,58835211
0.09416666666666662,0.8116666666666668,0.09416666666666662,46317002
0.16666666666666669,0.16666666666666669,0.6666666666666666,34403085
0.16666666666666669,0.16666666666666669,0.6666666666666666,90460188
0.20833333333333331,0.5833333333333334,0.20833333333333331,61109051
0.20833333333333331,0.20833333333333331,0.5833333333333334,91153471
0.0,1.0,0.0,74338859
0.375,0.375,0.25,55724819
0.18083333333333335,0.18083333333333335,0.6383333333333333,50282063
0.34249999999999997,0.34249999999999997,0.31500000000000006,24714350
0.195,0.195,0.61,7016708
0.1875,0.1875,0.625,20196685
0.18083333333333335,0.18083333333333335,0.6383333333333333,80122503
0.3125,0.3125,0.375,3490301
0.20833333333333331,0.20833333333333331,0.5833333333333334,5112781
0.26416666666666666,0.26416666666666666,0.4716666666666667,54655085
0.20833333333333331,0.20833333333333331,0.5833333333333334,22544211
0.125,0.125,0.75,26657421
0.19416666666666665,0.19416666666666665,0.6116666666666667,69004695
0.0,1.0,0.0,2721769
0.20833333333333331,0.20833333333333331,0.5833333333333334,6355755
0.08333333333333337,0.08333333333333337,0.8333333333333333,30150009
0.16666666666666669,0.16666666666666669,0.6666666666666666,62130675
0.08333333333333337,0.08333333333333337,0.8333333333333333,38996901
0.3333333333333333,0.3333333333333333,0.33333333333333337,90460188
0.125,0.75,0.125,76927573
0.16666666666666669,0.6666666666666666,0.16666666666666669,82965593
0.20833333333333331,0.20833333333333331,0.5833333333333334,43297700
0.20833333333333331,0.20833333333333331,0.5833333333333334,24714350
0.125,0.75,0.125,53288334
0.08333333333333337,0.08333333333333337,0.8333333333333333,45674038
0.375,0.375,0.25,49570556
0.29166666666666663,0.4166666666666667,0.29166666666666663,12449375
0.41666666666666663,0.16666666666666669,0.41666666666666663,17728085
0.20833333333333331,0.20833333333333331,0.5833333333333334,21872023
0.20833333333333331,0.5833333333333334,0.20833333333333331,47528859
0.41666666666666663,0.41666666666666663,0.16666666666666669,82780755
0.29166666666666663,0.29166666666666663,0.4166666666666667,69116166
0.25,0.5,0.25,53355015
0.3333333333333333,0.3333333333333333,0.33333333333333337,40450920
1.0,0.0,0.0,96506508
0.29166666666666663,0.29166666666666663,0.4166666666666667,94143892
0.27749999999999997,0.445,0.27749999999999997,63049873
0.25,0.25,0.5,61109051
0.27749999999999997,0.445,0.27749999999999997,76927573
0.29166666666666663,0.4166666666666667,0.29166666666666663,45931926
0.25,0.25,0.5,37193289
0.25,0.5,0.25,67676478
0.25,0.5,0.25,66406152
0.25,0.25,0.5,7016708
0.29166666666666663,0.4166666666666667,0.29166666666666663,53288334
0.25,0.5,0.25,51013065
0.25,0.25,0.5,91186758
0.29166666666666663,0.4166666666666667,0.29166666666666663,89593141
0.29166666666666663,0.29166666666666663,0.4166666666666667,54655085
0.25,0.5,0.25,47528859
0.25,0.25,0.5,97765910
0.29166666666666663,0.4166666666666667,0.29166666666666663,69839659
0.29166666666666663,0.4166666666666667,0.29166666666666663,76388857
0.25,0.25,0.5,14499395
0.30833333333333335,0.30833333333333335,0.38333333333333336,82780755
0.25,0.25,0.5,76388857
0.16666666666666669,0.16666666666666669,0.6666666666666666,19195268
0.21666666666666667,0.21666666666666667,0.5666666666666667,15163164
0.16666666666666669,0.6666666666666666,0.16666666666666669,81954860
0.16666666666666669,0.16666666666666669,0.6666666666666666,87926607
0.16666666666666669,0.16666666666666669,0.6666666666666666,53042020
0.16666666666666669,0.16666666666666669,0.6666666666666666,65207529
0.16666666666666669,0.16666666666666669,0.6666666666666666,6964057
0.41666666666666663,0.41666666666666663,0.16666666666666669,24949421
0.21499999999999997,0.5700000000000001,0.21499999999999997,80059405
0.16666666666666669,0.6666666666666666,0.16666666666666669,38421454
0.27083333333333337,0.4583333333333333,0.27083333333333337,23809944
0.375,0.375,0.25,66630031
0.16666666666666669,0.16666666666666669,0.6666666666666666,27421784
0.20833333333333331,0.20833333333333331,0.5833333333333334,17166595
0.16666666666666669,0.16666666666666669,0.6666666666666666,63854073
0.25,0.5,0.25,57111063
0.3333333333333333,0.33333333333333337,0.3333333333333333,52364911
0.16666666666666669,0.6666666666666666,0.16666666666666669,82965593
0.03249999999999997,0.03249999999999997,0.935,69116166
0.14583333333333331,0.7083333333333334,0.14583333333333331,97765910
0.08333333333333337,0.08333333333333337,0.8333333333333333,19195268
0.08333333333333337,0.08333333333333337,0.8333333333333333,10265774
0.21499999999999997,0.21499999999999997,0.5700000000000001,19398624
0.14166666666666666,0.14166666666666666,0.7166666666666667,67005884
0.10416666666666663,0.10416666666666663,0.7916666666666667,38365618
0.19833333333333336,0.19833333333333336,0.6033333333333333,80907998
0.05583333333333329,0.05583333333333329,0.8883333333333334,65207529
0.09999999999999998,0.09999999999999998,0.8,77328804
0.07916666666666672,0.07916666666666672,0.8416666666666666,41791898
0.17666666666666664,0.17666666666666664,0.6466666666666667,12964225
0.0625,0.0625,0.875,30150009
0.17333333333333334,0.17333333333333334,0.6533333333333333,58835211
0.29166666666666663,0.29166666666666663,0.4166666666666667,77239856
0.25,0.5,0.25,99208105
0.20833333333333331,0.5833333333333334,0.20833333333333331,81954860
0.34,0.34,0.31999999999999995,19398624
0.29166666666666663,0.4166666666666667,0.29166666666666663,67093531
0.08333333333333337,0.08333333333333337,0.8333333333333333,44974372
0.25,0.5,0.25,20458311
0.30833333333333335,0.30833333333333335,0.38333333333333336,24949421
0.3541666666666667,0.3541666666666667,0.29166666666666663,16422190
0.38916666666666666,0.22166666666666668,0.38916666666666666,79579815
0.3333333333333333,0.33333333333333337,0.3333333333333333,82153961
0.3475,0.3475,0.30500000000000005,43497672
0.3541666666666667,0.3541666666666667,0.29166666666666663,17166595
0.15250000000000002,0.15250000000000002,0.695,41791898
0.3475,0.30500000000000005,0.3475,30988778
0.20666666666666667,0.20666666666666667,0.5866666666666667,18312021
0.36083333333333334,0.36083333333333334,0.2783333333333333,47824176
0.23583333333333334,0.23583333333333334,0.5283333333333333,98688299
0.3475,0.30500000000000005,0.3475,94123684
0.29166666666666663,0.29166666666666663,0.4166666666666667,52254958
0.16666666666666669,0.16666666666666669,0.6666666666666666,2028059
0.29166666666666663,0.29166666666666663,0.4166666666666667,65723809
0.3333333333333333,0.3333333333333333,0.33333333333333337,87926607
0.08333333333333337,0.08333333333333337,0.8333333333333333,67005884
0.3333333333333333,0.3333333333333333,0.33333333333333337,30725024
0.20833333333333331,0.20833333333333331,0.5833333333333334,88296007
0.7216666666666667,0.13916666666666666,0.13916666666666666,75005688
0.20833333333333331,0.5833333333333334,0.20833333333333331,88716286
0.04166666666666663,0.04166666666666663,0.9166666666666667,80061075
0.125,0.125,0.75,79579815
0.16666666666666669,0.16666666666666669,0.6666666666666666,48519496
0.22916666666666669,0.22916666666666669,0.5416666666666666,68360149
0.18333333333333335,0.18333333333333335,0.6333333333333333,63854073
0.15250000000000002,0.15250000000000002,0.695,34562860
0.1875,0.1875,0.625,39124661
0.08333333333333337,0.08333333333333337,0.8333333333333333,18312021
0.125,0.125,0.75,74724107
0.1875,0.1875,0.625,31920893
0.10416666666666663,0.10416666666666663,0.7916666666666667,95915841
0.22083333333333333,0.22083333333333333,0.5583333333333333,21872023
0.25,0.25,0.5,2028059
0.29166666666666663,0.4166666666666667,0.29166666666666663,15723160
0.3333333333333333,0.3333333333333333,0.33333333333333337,53042020
0.25,0.25,0.5,38365618
0.375,0.375,0.25,57429630
0.375,0.375,0.25,81963277
0.41666666666666663,0.41666666666666663,0.16666666666666669,88296007
0.20833333333333331,0.5833333333333334,0.20833333333333331,38421454
0.41666666666666663,0.41666666666666663,0.16666666666666669,42683605
0.20833333333333331,0.20833333333333331,0.5833333333333334,96718366
0.25,0.25,0.5,82153961
0.3333333333333333,0.3333333333333333,0.33333333333333337,48519496
0.3333333333333333,0.3333333333333333,0.33333333333333337,75395377
0.08333333333333337,0.8333333333333333,0.08333333333333337,57111063
0.08333333333333337,0.08333333333333337,0.8333333333333333,14910982
0.375,0.375,0.25,84235829
0.45833333333333337,0.45833333333333337,0.08333333333333331,47824176
0.3333333333333333,0.33333333333333337,0.3333333333333333,7431929
0.375,0.375,0.25,48015767
0.20833333333333331,0.20833333333333331,0.5833333333333334,87789923
0.0,0.0,1.0,65723809
0.26666666666666666,0.26666666666666666,0.4666666666666667,50526337
0.29166666666666663,0.29166666666666663,0.4166666666666667,14576450
0.25,0.5,0.25,7431929
0.29166666666666663,0.4166666666666667,0.29166666666666663,66152324
0.25,0.5,0.25,15723160
0.2833333333333333,0.43333333333333335,0.2833333333333333,2648055
0.25,0.25,0.5,80907998
0.29166666666666663,0.29166666666666663,0.4166666666666667,33158978
0.3333333333333333,0.33333333333333337,0.3333333333333333,20458311
0.3333333333333333,0.3333333333333333,0.33333333333333337,75005688
0.25,0.25,0.5,97611017
0.29166666666666663,0.29166666666666663,0.4166666666666667,23809944
0.3333333333333333,0.33333333333333337,0.3333333333333333,42822105
0.25,0.5,0.25,43497672
0.3333333333333333,0.3333333333333333,0.33333333333333337,68360149
0.375,0.25,0.375,52364911
0.25,0.25,0.5,12964225
0.25,0.25,0.5,98688299
0.29166666666666663,0.4166666666666667,0.29166666666666663,31920893
0.25,0.25,0.5,2648055
0.125,0.75,0.125,74058069
0.16666666666666669,0.16666666666666669,0.6666666666666666,10718510
0.22916666666666669,0.5416666666666666,0.22916666666666669,28698134
0.6666666666666666,0.16666666666666669,0.16666666666666669,87925799
0.3333333333333333,0.33333333333333337,0.3333333333333333,70913663
0.23333333333333334,0.5333333333333333,0.23333333333333334,6175122
0.16666666666666669,0.16666666666666669,0.6666666666666666,43519457
0.16666666666666669,0.16666666666666669,0.6666666666666666,34924907
0.16666666666666669,0.16666666666666669,0.6666666666666666,31187039
0.125,0.125,0.75,95552059
0.29166666666666663,0.4166666666666667,0.29166666666666663,88125391
0.26416666666666666,0.26416666666666666,0.4716666666666667,34821235
0.16666666666666669,0.6666666666666666,0.16666666666666669,29267760
0.20833333333333331,0.20833333333333331,0.5833333333333334,76014959
0.16666666666666669,0.16666666666666669,0.6666666666666666,8287467
0.27083333333333337,0.27083333333333337,0.4583333333333333,72690817
0.25,0.25,0.5,27176504
0.23333333333333334,0.23333333333333334,0.5333333333333333,61170363
0.3333333333333333,0.3333333333333333,0.33333333333333337,55400962
0.125,0.125,0.75,2648055
0.39583333333333337,0.39583333333333337,0.20833333333333331,90371753
0.275,0.275,0.45,68118732
0.30583333333333335,0.30583333333333335,0.3883333333333333,68204702
0.20833333333333331,0.20833333333333331,0.5833333333333334,46106538
0.3333333333333333,0.33333333333333337,0.3333333333333333,6175122
0.31916666666666665,0.31916666666666665,0.3616666666666667,86310004
0.18083333333333335,0.18083333333333335,0.6383333333333333,26640647
0.25666666666666665,0.25666666666666665,0.4866666666666667,20476173
0.3333333333333333,0.3333333333333333,0.33333333333333337,89296575
0.09666666666666668,0.09666666666666668,0.8066666666666666,93056107
0.3475,0.30500000000000005,0.3475,88125391
0.3125,0.3125,0.375,74482556
0.25666666666666665,0.25666666666666665,0.4866666666666667,48691796
0.36833333333333335,0.36833333333333335,0.2633333333333333,17796659
