Growth,Loss,Stable,id
0.0,0.0,1.0,87950922
0.3333333333333333,0.3333333333333333,0.3333333333333333,81395819
0.0,0.0,1.0,84152401
0.0,0.0,1.0,66411237
0.08333333333333333,0.23333333333333334,0.6833333333333335,29398292
0.0,0.0,1.0,97187302
0.0,0.0,1.0,76577468
0.22333333333333336,0.22333333333333336,0.5533333333333333,34090186
0.3333333333333333,0.3333333333333333,0.3333333333333333,54194878
0.22333333333333336,0.2695333333333334,0.5071333333333333,23083100
0.0,0.0,1.0,40450920
0.11000000000000001,0.78,0.11000000000000001,86348793
0.0,0.0,1.0,32106641
0.3333333333333333,0.3333333333333333,0.3333333333333333,92692533
0.0,0.0,1.0,13068541
0.0,0.0,1.0,7462434
0.06666666666666667,0.7866666666666667,0.14666666666666667,96421580
0.22333333333333336,0.2893333333333334,0.48733333333333334,24892701
0.0,0.1,0.9,79842933
0.08333333333333333,0.08333333333333333,0.8333333333333334,94123684
0.026666666666666665,0.8546666666666667,0.11866666666666667,89126486
0.0,0.08,0.92,54707156
0.0,0.92,0.08,26822782
0.04666666666666667,0.10686666666666667,0.8464666666666667,53693425
0.1,0.0,0.9,24933449
0.043333333333333335,0.16513333333333335,0.7915333333333333,76577468
0.03333333333333333,0.6363333333333334,0.33033333333333337,85905978
0.16666666666666666,0.21666666666666667,0.6166666666666667,1658418
0.02,0.06700000000000002,0.913,40950100
0.16666666666666666,0.22166666666666665,0.6116666666666667,83301603
0.06666666666666667,0.13066666666666665,0.8026666666666668,32106641
0.08333333333333333,0.18833333333333335,0.7283333333333334,91550861
0.05666666666666667,0.11476666666666668,0.8285666666666667,90568492
0.04666666666666667,0.7959735973597359,0.15735973597359737,83604768
0.04666666666666667,0.13266666666666668,0.8206666666666667,25149672
0.04666666666666667,0.10686666666666667,0.8464666666666667,8462380
0.04666666666666667,0.13266666666666668,0.8206666666666667,24892701
0.03666666666666667,0.10786666666666667,0.8554666666666667,19689836
0.06666666666666667,0.12266666666666667,0.8106666666666668,43610137
0.09666666666666665,0.15346666666666664,0.7498666666666667,62714787
0.16666666666666669,0.5416666666666667,0.2916666666666667,81395819
0.0,1.0,0.0,89126486
0.22333333333333333,0.2860333333333333,0.4906333333333333,32975512
0.0,0.0,1.0,64608259
0.2,0.468,0.332,57875477
0.22333333333333336,0.38833333333333336,0.38833333333333336,69839659
0.2866666666666667,0.3328666666666667,0.3804666666666667,34090186
0.08333333333333331,0.6833333333333333,0.23333333333333328,85905978
0.0,0.95,0.05,21844220
0.0,0.0,1.0,69004695
0.2866666666666667,0.39866666666666667,0.3146666666666667,67178806
0.27666666666666667,0.4177666666666667,0.3055666666666667,30523289
0.22333333333333336,0.49723333333333336,0.27943333333333337,92692533
0.11000000000000001,0.78,0.11000000000000001,91550861
0.16666666666666669,0.5416666666666667,0.2916666666666667,66357229
0.0,0.1,0.9,65778899
0.22333333333333333,0.44443333333333335,0.3322333333333333,14107830
0.16666666666666669,0.5416666666666667,0.2916666666666667,72972604
0.4175,0.25,0.3325,79842933
0.22333333333333336,0.48733333333333334,0.2893333333333334,19689836
0.3,0.38299999999999995,0.317,22546504
0.22333333333333333,0.44443333333333335,0.3322333333333333,786489
0.09666666666666665,0.13216666666666665,0.7711666666666667,84152401
0.08333333333333333,0.08333333333333333,0.8333333333333334,54707156
0.23666666666666666,0.5121666666666668,0.2511666666666667,32975512
0.3,0.315,0.38499999999999995,69249222
0.25,0.2875,0.4625,53355015
0.3333333333333333,0.3333333333333333,0.3333333333333333,14499395
0.0,1.0,0.0,54194878
0.0,0.0,1.0,74809158
0.22333333333333336,0.2695333333333334,0.5071333333333333,21844220
0.08333333333333333,0.08333333333333333,0.8333333333333334,2430050
0.2666666666666667,0.3066666666666667,0.4266666666666667,26861268
0.25,0.48250000000000004,0.2675,13068541
0.0,0.0,1.0,90568492
0.2866666666666666,0.37066666666666664,0.3426666666666666,66357229
0.043333333333333335,0.043333333333333335,0.9133333333333333,49607116
0.3333333333333333,0.3333333333333333,0.3333333333333333,19757086
0.3333333333333333,0.3333333333333333,0.3333333333333333,18472705
0.0,0.0,1.0,43610137
0.0,0.0,1.0,22546504
0.3333333333333333,0.3333333333333333,0.3333333333333333,42487167
0.0,0.0,1.0,66411237
0.03333333333333333,0.9333333333333333,0.03333333333333333,26822782
0.016666666666666666,0.016666666666666666,0.9666666666666667,64608259
0.06666666666666667,0.7066666666666668,0.22666666666666668,69249222
0.08333333333333333,0.08333333333333333,0.8333333333333334,33246590
0.0,0.25,0.75,50043403
0.0,0.0,1.0,23083100
0.06666666666666667,0.06666666666666667,0.8666666666666667,1658418
0.0,0.0,1.0,2430050
0.03333333333333333,0.15933333333333335,0.8073333333333333,21053593
0.16666666666666666,0.21666666666666667,0.6166666666666667,55392938
0.0,1.0,0.0,83604768
0.0,0.05,0.95,65778899
0.2,0.0,0.8,49607116
0.0,0.1,0.9,77779142
0.0,0.08,0.92,4462248
0.0,0.05,0.95,18250573
0.16666666666666666,0.17666666666666667,0.6566666666666666,62714787
0.0,0.75,0.25,786489
0.0,0.02,0.98,42487167
0.016666666666666666,0.016666666666666666,0.9666666666666667,53693425
0.22333333333333333,0.2563333333333333,0.5203333333333333,57875477
0.22333333333333336,0.30583333333333335,0.4708333333333334,33246590
0.03333333333333333,0.8883333333333333,0.07833333333333334,1131061
0.25,0.4875,0.2625,67178806
0.22333333333333336,0.2695333333333334,0.5071333333333333,26861268
0.3333333333333333,0.3333333333333333,0.3333333333333333,21053593
0.3333333333333333,0.3333333333333333,0.3333333333333333,7462434
0.19166666666666668,0.16666666666666669,0.6416666666666667,25149672
0.2,0.332,0.468,14107830
0.3333333333333333,0.3333333333333333,0.3333333333333333,19757086
0.06666666666666667,0.6026666666666667,0.33066666666666666,77779142
0.3333333333333333,0.3333333333333333,0.3333333333333333,51945969
0.16666666666666669,0.5416666666666667,0.2916666666666667,75129394
0.03333333333333333,0.07833333333333334,0.8883333333333333,55666943
0.3333333333333333,0.3333333333333333,0.3333333333333333,91270257
0.0,0.1,0.9,40950100
0.3333333333333333,0.3333333333333333,0.3333333333333333,73771223
0.3333333333333333,0.3333333333333333,0.3333333333333333,23284643
0.16666666666666666,0.21666666666666667,0.6166666666666667,29398292
0.0,0.9,0.1,4462248
0.08333333333333333,0.2708333333333333,0.6458333333333334,51945969
0.0,1.0,0.0,91977286
0.0,0.0,1.0,97187302
1.0,0.0,0.0,24933449
0.0,1.0,0.0,50043403
0.0,1.0,0.0,1131061
0.0,1.0,0.0,86348793
0.0,1.0,0.0,30523289
0.16666666666666669,0.6666666666666667,0.16666666666666669,96421580
0.0,0.0,1.0,8462380
0.3333333333333333,0.3333333333333333,0.3333333333333333,72972604
0.11000000000000001,0.78,0.11000000000000001,83301603
0.16666666666666669,0.6416666666666667,0.19166666666666668,28247858
0.16666666666666666,0.33166666666666667,0.5016666666666667,55392938
0.0,0.33,0.67,73771223
0.0,0.0,1.0,18472705
0.3333333333333333,0.3333333333333333,0.3333333333333333,2068714
0.0,0.1,0.9,68178730
0.0,0.95,0.05,51970690
0.22333333333333336,0.23983333333333334,0.5368333333333334,75129394
0.0,0.0,1.0,2068714
0.0,0.0,1.0,15845955
0.16666666666666666,0.16666666666666666,0.6666666666666666,78809525
0.25,0.4875,0.2625,17818825
0.16666666666666669,0.2916666666666667,0.5416666666666667,8290514
0.0,0.0,1.0,32787998
0.016666666666666666,0.026166666666666664,0.9571666666666667,62095235
0.3333333333333333,0.3333333333333333,0.3333333333333333,34678995
0.0,1.0,0.0,28442044
0.3333333333333333,0.3333333333333333,0.3333333333333333,53610570
0.0,0.0,1.0,74231007
0.0,0.0,1.0,66622881
0.0,0.45,0.55,46471115
0.3333333333333333,0.3333333333333333,0.3333333333333333,71006690
0.08333333333333333,0.15833333333333333,0.7583333333333334,85900529
0.08333333333333333,0.8333333333333334,0.08333333333333333,64039525
0.13333333333333336,0.7333333333333334,0.13333333333333336,5104092
0.06666666666666667,0.06666666666666667,0.8666666666666667,83594459
0.06666666666666667,0.06666666666666667,0.8666666666666667,3876631
0.11,0.177,0.713,23284643
0.08333333333333333,0.2708333333333333,0.6458333333333334,91977286
0.0,0.0,1.0,15845955
0.0,0.05,0.95,9220369
0.0,0.16,0.84,80277766
0.0,0.93,0.07,24747903
0.16666666666666669,0.19666666666666668,0.6366666666666667,44677663
0.0,0.0,1.0,53249296
0.25,0.375,0.375,62095235
0.0,0.11,0.89,89098941
0.22333333333333333,0.24643333333333334,0.5302333333333333,67290870
0.0,0.08,0.92,95981436
0.0,0.06,0.94,40027003
0.0,0.0,1.0,88527044
0.0,0.08,0.92,82156017
0.0,0.19,0.81,68885921
0.06666666666666667,0.14666666666666667,0.7866666666666667,15498542
0.0,0.05,0.95,35377485
0.2966666666666667,0.3076666666666667,0.39566666666666667,83594459
0.0,0.11,0.89,75062547
0.08333333333333333,0.7583333333333334,0.15833333333333333,68178730
0.16666666666666666,0.21666666666666667,0.6166666666666667,9220369
0.2866666666666667,0.39166666666666666,0.3216666666666667,94831135
0.22333333333333336,0.2893333333333334,0.48733333333333334,6190663
0.25,0.4375,0.3125,4216413
0.16666666666666666,0.6166666666666667,0.21666666666666667,84489052
0.22333333333333336,0.5108580858085809,0.26580858085808584,34678995
0.16666666666666666,0.5666666666666667,0.26666666666666666,89098941
0.08333333333333333,0.8333333333333334,0.08333333333333333,68751961
0.16666666666666666,0.26666666666666666,0.5666666666666667,42018273
0.22333333333333336,0.30583333333333335,0.4708333333333334,78328177
0.16666666666666669,0.4166666666666667,0.4166666666666667,46182071
0.13333333333333336,0.7333333333333334,0.13333333333333336,46471115
0.11000000000000001,0.11000000000000001,0.78,88527044
0.22333333333333333,0.44443333333333335,0.3322333333333333,62856672
0.11000000000000001,0.17030000000000003,0.7197,32467637
0.22333333333333336,0.30583333333333335,0.4708333333333334,18569680
0.13333333333333333,0.5353333333333333,0.33133333333333337,12758004
0.22333333333333333,0.5203333333333333,0.2563333333333333,3876631
0.22333333333333336,0.30583333333333335,0.4708333333333334,75062547
0.3333333333333333,0.3333333333333333,0.3333333333333333,91270257
0.3333333333333333,0.3333333333333333,0.3333333333333333,51970690
0.3333333333333333,0.3333333333333333,0.3333333333333333,17818825
0.22333333333333336,0.4708333333333334,0.30583333333333335,80277766
0.3333333333333333,0.3333333333333333,0.3333333333333333,94831135
0.16666666666666666,0.16666666666666666,0.6666666666666666,65313888
0.3333333333333333,0.3333333333333333,0.3333333333333333,18316811
0.06666666666666667,0.8666666666666667,0.06666666666666667,55572137
0.3333333333333333,0.3333333333333333,0.3333333333333333,28442044
0.0,1.0,0.0,68751961
0.2666666666666667,0.34666666666666673,0.38666666666666666,70780017
0.3333333333333333,0.3333333333333333,0.3333333333333333,89076703
0.0,0.0,1.0,71006690
0.0,0.0,1.0,82156017
0.3333333333333333,0.3333333333333333,0.3333333333333333,62856672
0.3333333333333333,0.3333333333333333,0.3333333333333333,61886939
0.08333333333333333,0.08333333333333333,0.8333333333333334,59404333
0.07333333333333333,0.11233333333333334,0.8143333333333334,44941728
0.3333333333333333,0.3333333333333333,0.3333333333333333,48181909
0.0,0.0,1.0,45160745
0.0,0.0,1.0,83656683
0.0,0.0,1.0,8290514
0.0,1.0,0.0,24747903
0.0,0.05,0.95,6190663
0.0,0.11,0.89,65313888
0.0,0.1,0.9,59472915
0.0,0.08,0.92,80397483
0.0,0.85,0.15,53610570
0.0,0.04,0.96,42018273
0.0,0.06,0.94,70780017
0.0,0.0,1.0,81432477
0.0,0.1,0.9,31193025
0.0,0.08,0.92,85900529
0.0,0.02,0.98,68885921
0.0,0.02,0.98,32467637
0.0,0.09,0.91,24038078
0.0,0.4,0.6,91112080
0.0,0.02,0.98,57588578
0.0,1.0,0.0,88369095
0.3333333333333333,0.3333333333333333,0.3333333333333333,83158288
0.3333333333333333,0.3333333333333333,0.3333333333333333,16028015
0.3333333333333333,0.3333333333333333,0.3333333333333333,71071171
0.22333333333333333,0.5203333333333333,0.2563333333333333,4216413
0.06666666666666667,0.18666666666666665,0.7466666666666667,18316811
0.3333333333333333,0.3333333333333333,0.3333333333333333,59472915
0.3333333333333333,0.3333333333333333,0.3333333333333333,53298392
0.0,0.14,0.86,74231007
0.0,0.1,0.9,95981436
0.3333333333333333,0.3333333333333333,0.3333333333333333,78328177
0.3333333333333333,0.3333333333333333,0.3333333333333333,89076703
0.16666666666666666,0.23666666666666666,0.5966666666666667,81432477
0.0,0.1,0.9,22318032
0.3333333333333333,0.3333333333333333,0.3333333333333333,64039525
0.16666666666666669,0.2916666666666667,0.5416666666666667,18569680
0.3333333333333333,0.3333333333333333,0.3333333333333333,59404333
0.0,0.0,1.0,24038078
0.3333333333333333,0.3333333333333333,0.3333333333333333,64960015
0.3333333333333333,0.3333333333333333,0.3333333333333333,28903669
0.0,0.1,0.9,6533273
0.3333333333333333,0.3333333333333333,0.3333333333333333,44677663
0.0,0.0,1.0,83158288
0.0,0.67,0.33,16028015
0.0,0.4,0.6,32787998
0.0,0.0,1.0,53249296
0.0,0.8,0.2,84489052
0.0,1.0,0.0,81677574
0.0,1.0,0.0,55572137
0.0,0.2,0.8,80397483
0.16666666666666669,0.2916666666666667,0.5416666666666667,53298392
0.3333333333333333,0.3333333333333333,0.3333333333333333,46182071
0.3333333333333333,0.3333333333333333,0.3333333333333333,38454164
0.3333333333333333,0.3333333333333333,0.3333333333333333,31193025
0.0,0.33,0.67,22318032
0.16666666666666669,0.6666666666666667,0.16666666666666669,5104092
0.3333333333333333,0.3333333333333333,0.3333333333333333,35377485
0.0,1.0,0.0,12758004
0.0,0.0,1.0,44941728
0.3333333333333333,0.3333333333333333,0.3333333333333333,91112080
0.11,0.713,0.177,64960015
0.0,0.4,0.6,91704887
0.08333333333333333,0.15833333333333333,0.7583333333333334,48181909
0.0,0.0,1.0,57588578
0.03333333333333333,0.03333333333333333,0.9333333333333333,28903669
0.0,1.0,0.0,81677574
0.06666666666666667,0.06666666666666667,0.8666666666666667,16807909
0.0,0.0,1.0,42271433
0.0,1.0,0.0,38290846
0.16666666666666666,0.16666666666666666,0.6666666666666666,35006114
0.0,0.0,1.0,20713890
0.0,1.0,0.0,65254217
0.0,0.0,1.0,52597308
0.3333333333333333,0.3333333333333333,0.3333333333333333,66193726
0.0,1.0,0.0,73000893
0.0,0.0,1.0,75437634
0.16666666666666666,0.21666666666666667,0.6166666666666667,84589977
0.0,0.0,1.0,96011716
0.3333333333333333,0.3333333333333333,0.3333333333333333,76432632
0.11,0.177,0.713,30183405
0.22333333333333336,0.4708333333333334,0.30583333333333335,46942368
0.1433333333333333,0.45683333333333337,0.3998333333333334,26594139
0.3,0.357,0.34299999999999997,71071171
0.06666666666666667,0.10666666666666667,0.8266666666666667,39409814
0.3333333333333333,0.3333333333333333,0.3333333333333333,45160745
0.11000000000000001,0.2775,0.6125,88369095
0.0,0.0,1.0,6533273
0.2666666666666667,0.3066666666666667,0.4266666666666667,91704887
0.05666666666666667,0.05666666666666667,0.8866666666666666,16807909
0.0,0.0,1.0,75338200
0.23333333333333334,0.2753333333333334,0.49133333333333334,7581613
0.25,0.45,0.3,1589145
0.08333333333333333,0.13583333333333333,0.7808333333333334,27798249
0.22333333333333333,0.2662333333333333,0.5104333333333333,97425135
0.11000000000000001,0.11000000000000001,0.78,39699194
0.11,0.2373,0.6527,15484062
0.0,0.0,1.0,10351455
0.0,0.0,1.0,78721587
0.22333333333333333,0.2563333333333333,0.5203333333333333,27211901
0.3333333333333333,0.3333333333333333,0.3333333333333333,76432632
0.0,0.0,1.0,5451556
0.0,0.11,0.89,92137362
0.25,0.2821782178217822,0.4678217821782178,27515072
0.11000000000000001,0.24400000000000002,0.646,80774023
0.0,0.83,0.17,39409814
0.13333333333333336,0.2833333333333334,0.5833333333333334,76897553
0.0,0.14,0.86,71295829
0.25,0.28500000000000003,0.46499999999999997,86800950
0.0,1.0,0.0,60429406
0.0,0.0,1.0,42271433
0.0,0.0,1.0,75338200
0.22333333333333333,0.5533333333333332,0.22333333333333333,7958363
0.0,0.0,1.0,71969357
0.0,0.25,0.75,60481508
0.27666666666666667,0.3905666666666667,0.3327666666666667,56114493
0.22333333333333336,0.2893333333333334,0.48733333333333334,66193726
0.2866666666666666,0.3104666666666666,0.40286666666666665,39699194
0.0,1.0,0.0,2024909
0.0,1.0,0.0,56527992
0.16666666666666669,0.2916666666666667,0.5416666666666667,96397323
0.08333333333333333,0.23333333333333334,0.6833333333333335,54020410
0.11000000000000001,0.445,0.445,30183405
0.0,0.14,0.86,5451556
0.0,1.0,0.0,80552847
0.11000000000000001,0.2775,0.6125,21938453
0.27666666666666667,0.4126666666666667,0.3106666666666667,55666943
0.25,0.3,0.45,78809525
0.3333333333333333,0.3333333333333333,0.3333333333333333,76897553
0.0,0.0,1.0,64899219
0.22333333333333333,0.44443333333333335,0.3322333333333333,11122783
0.22333333333333338,0.24313333333333337,0.5335333333333333,13664861
0.16666666666666666,0.6023102310231023,0.23102310231023102,38290846
0.16666666666666666,0.45166666666666666,0.38166666666666665,7581613
0.16666666666666666,0.23666666666666666,0.5966666666666667,7958363
0.3333333333333333,0.3333333333333333,0.3333333333333333,28568145
0.16666666666666666,0.21666666666666667,0.6166666666666667,93109246
0.3333333333333333,0.3333333333333333,0.3333333333333333,34307115
0.16666666666666666,0.6266666666666667,0.20666666666666667,73000893
0.0,0.0,1.0,15484062
0.3333333333333333,0.3333333333333333,0.3333333333333333,2024909
0.0,0.0,1.0,96016585
0.3333333333333333,0.3333333333333333,0.3333333333333333,52405413
0.0,0.0,1.0,56663273
0.3333333333333333,0.3333333333333333,0.3333333333333333,46942368
0.16666666666666666,0.5016666666666667,0.33166666666666667,92137362
0.3333333333333333,0.3333333333333333,0.3333333333333333,80552847
0.0,0.0,1.0,93137713
0.06666666666666667,0.14666666666666667,0.7866666666666667,80774023
0.3333333333333333,0.3333333333333333,0.3333333333333333,38454164
0.22333333333333336,0.22333333333333336,0.5533333333333333,71295829
0.0,0.25,0.75,64899219
0.0,0.6,0.4,67593577
0.22333333333333333,0.2658085808580858,0.5108580858085808,67869475
0.0,0.0,1.0,35006114
0.0,1.0,0.0,1589145
0.0,0.0,1.0,71969357
0.22333333333333333,0.2563333333333333,0.5203333333333333,28568145
0.0,0.0,1.0,26295944
0.0,0.0,1.0,148142
0.0,0.0,1.0,75437634
0.0,1.0,0.0,10351455
0.0,0.0,1.0,56527992
0.0,0.0,1.0,96016585
0.0,0.0,1.0,80220413
0.16666666666666666,0.16666666666666666,0.6666666666666666,40107720
0.0,0.25,0.75,26594139
0.27666666666666667,0.3106666666666667,0.4126666666666667,27515072
0.0,0.0,1.0,21938453
0.16666666666666666,0.16666666666666666,0.6666666666666666,93137713
0.22333333333333336,0.27943333333333337,0.49723333333333336,67290870
0.0,0.0,1.0,61886939
0.3333333333333333,0.3333333333333333,0.3333333333333333,86800950
0.16666666666666669,0.5416666666666667,0.2916666666666667,11122783
0.0,0.9,0.1,67593577
0.3333333333333333,0.3333333333333333,0.3333333333333333,48296247
0.16666666666666666,0.21666666666666667,0.6166666666666667,20713890
0.3333333333333333,0.3333333333333333,0.3333333333333333,27798249
0.16666666666666666,0.21666666666666667,0.6166666666666667,60481508
0.3333333333333333,0.3333333333333333,0.3333333333333333,93109246
0.0,0.03,0.97,26295944
0.16666666666666666,0.6166666666666667,0.21666666666666667,46215217
0.3333333333333333,0.3333333333333333,0.3333333333333333,84589977
0.16666666666666669,0.19166666666666668,0.6416666666666667,78721587
0.3333333333333333,0.3333333333333333,0.3333333333333333,96397323
0.3333333333333333,0.3333333333333333,0.3333333333333333,52405413
0.3333333333333333,0.3333333333333333,0.3333333333333333,80220413
0.3333333333333333,0.3333333333333333,0.3333333333333333,20880708
0.16666666666666666,0.21666666666666667,0.6166666666666667,79047989
0.16666666666666669,0.19166666666666668,0.6416666666666667,91747824
0.16666666666666666,0.22166666666666665,0.6116666666666667,23577275
0.08,0.0,0.92,51295323
0.16666666666666666,0.23666666666666666,0.5966666666666667,83656683
0.16666666666666666,0.6023102310231023,0.23102310231023102,15498542
0.0,0.9,0.1,60429406
0.3333333333333333,0.3333333333333333,0.3333333333333333,13664861
0.16666666666666669,0.5416666666666667,0.2916666666666667,67869475
0.3333333333333333,0.3333333333333333,0.3333333333333333,48296247
0.08333333333333333,0.8333333333333334,0.08333333333333333,65254217
0.0,0.25,0.75,97425135
0.3333333333333333,0.3333333333333333,0.3333333333333333,56114493
0.0,0.1,0.9,34307115
0.0,0.1,0.9,148142
0.0,1.0,0.0,46215217
0.0,0.4,0.6,96011716
0.0,0.2,0.8,27211901
0.0,0.0,1.0,54020410
0.0,0.0,1.0,56663273
0.16666666666666666,0.4666666666666667,0.3666666666666667,66622881
0.08333333333333333,0.3308333333333333,0.5858333333333334,40107720
0.3333333333333333,0.3333333333333333,0.3333333333333333,20880708
0.3333333333333333,0.3333333333333333,0.3333333333333333,8835255
0.3333333333333333,0.3333333333333333,0.3333333333333333,94638951
0.08333333333333333,0.12083333333333333,0.7958333333333333,40027003
0.0,0.0,1.0,32007075
0.16666666666666669,0.6416666666666667,0.19166666666666668,23179987
0.0,0.0,1.0,19204019
0.0,0.0,1.0,75533724
0.0,1.0,0.0,31925560
0.0,1.0,0.0,95915841
0.0,0.0,1.0,6355755
0.3333333333333333,0.3333333333333333,0.3333333333333333,96506508
0.0,0.0,1.0,75117306
0.3333333333333333,0.3333333333333333,0.3333333333333333,27105696
0.16666666666666669,0.6416666666666667,0.19166666666666668,3256595
0.3333333333333333,0.3333333333333333,0.3333333333333333,91153471
0.0,0.0,1.0,45931926
0.16666666666666666,0.16666666666666666,0.6666666666666666,56092979
0.12666666666666668,0.12666666666666668,0.7466666666666667,84235564
0.0,0.0,1.0,20196685
0.0,0.0,1.0,45674038
0.0,1.0,0.0,51013065
0.11,0.1435,0.7464999999999999,22551424
0.3333333333333333,0.3333333333333333,0.3333333333333333,54499254
0.3333333333333333,0.3333333333333333,0.3333333333333333,2721769
0.16666666666666669,0.4166666666666667,0.4166666666666667,18250573
0.22333333333333336,0.22333333333333336,0.5533333333333333,19204019
0.22333333333333336,0.2893333333333334,0.48733333333333334,47448092
0.0,0.0,1.0,78657650
0.11,0.177,0.713,58835211
0.11000000000000001,0.1837,0.7063,14576450
0.05666666666666667,0.05666666666666667,0.8866666666666666,75117306
0.0,0.0,1.0,79045706
0.2866666666666666,0.30626666666666663,0.40706666666666663,29085874
0.06666666666666667,0.7066666666666668,0.22666666666666668,74338859
0.3333333333333333,0.3333333333333333,0.3333333333333333,48015767
0.25,0.25,0.5,29158350
0.11,0.177,0.713,52254958
0.08333333333333333,0.1433333333333333,0.7733333333333334,37193289
0.08333333333333333,0.13583333333333333,0.7808333333333334,55400962
0.0,0.0,1.0,80122503
0.08333333333333333,0.1433333333333333,0.7733333333333334,49570556
0.08333333333333333,0.29333333333333333,0.6233333333333334,91186758
0.04666666666666667,0.15735973597359737,0.7959735973597359,22551424
0.0,0.0,1.0,87950922
0.0,0.06,0.94,74809158
0.16666666666666669,0.5216666666666667,0.3116666666666667,73698383
0.0,0.92,0.08,31925560
0.11000000000000001,0.15020000000000003,0.7398,47448092
0.0,0.0,1.0,70550509
0.0,0.0,1.0,34403085
0.25,0.275,0.475,38996901
0.3333333333333333,0.3333333333333333,0.3333333333333333,63049873
0.16666666666666666,0.6266666666666667,0.20666666666666667,3256595
0.3333333333333333,0.3333333333333333,0.3333333333333333,29085874
0.3333333333333333,0.3333333333333333,0.3333333333333333,13822452
0.08333333333333333,0.08333333333333333,0.8333333333333334,50282063
0.16666666666666666,0.21666666666666667,0.6166666666666667,43297700
0.16666666666666666,0.6166666666666667,0.21666666666666667,66406152
0.3333333333333333,0.3333333333333333,0.3333333333333333,84235564
0.3333333333333333,0.3333333333333333,0.3333333333333333,60468536
0.0,0.0,1.0,5112781
0.16666666666666666,0.6266666666666667,0.20666666666666667,17728085
0.3333333333333333,0.3333333333333333,0.3333333333333333,89593141
0.16666666666666669,0.19666666666666668,0.6366666666666667,40332342
0.16666666666666666,0.21666666666666667,0.6166666666666667,98678088
0.16666666666666669,0.5416666666666667,0.2916666666666667,28247858
0.16666666666666669,0.4166666666666667,0.4166666666666667,58835211
0.0,0.6,0.4,46317002
0.0,0.0,1.0,34403085
0.0,0.0,1.0,90460188
0.25,0.4375,0.3125,61109051
0.0,0.0,1.0,91153471
0.0,1.0,0.0,74338859
0.27666666666666667,0.30046666666666666,0.42286666666666667,55724819
0.0,0.2,0.8,50282063
0.2866666666666667,0.2866666666666667,0.4266666666666667,24714350
0.04666666666666667,0.26166666666666666,0.6916666666666667,7016708
0.0,0.0,1.0,20196685
0.0,0.0,1.0,80122503
0.25166666666666665,0.16666666666666666,0.5816666666666667,3490301
0.0,0.0,1.0,5112781
0.22333333333333333,0.2563333333333333,0.5203333333333333,54655085
0.21666666666666667,0.16666666666666666,0.6166666666666667,22544211
0.0,0.0,1.0,26657421
0.0,0.0,1.0,69004695
0.0,0.8,0.2,2721769
0.16666666666666669,0.19166666666666668,0.6416666666666667,6355755
0.0,0.04,0.96,30150009
0.3333333333333333,0.3333333333333333,0.3333333333333333,62130675
0.0,0.1,0.9,38996901
0.16666666666666669,0.19166666666666668,0.6416666666666667,90460188
0.0,0.9,0.1,76927573
0.3333333333333333,0.3333333333333333,0.3333333333333333,82965593
0.16666666666666669,0.19166666666666668,0.6416666666666667,43297700
0.16666666666666666,0.21666666666666667,0.6166666666666667,24714350
0.16666666666666666,0.6166666666666667,0.21666666666666667,53288334
0.0,0.03,0.97,45674038
0.3333333333333333,0.3333333333333333,0.3333333333333333,49570556
0.3333333333333333,0.3333333333333333,0.3333333333333333,12449375
0.3333333333333333,0.3333333333333333,0.3333333333333333,17728085
0.16666666666666669,0.19166666666666668,0.6416666666666667,21872023
0.16666666666666666,0.5966666666666667,0.23666666666666666,47528859
0.3333333333333333,0.3333333333333333,0.3333333333333333,82780755
0.3333333333333333,0.3333333333333333,0.3333333333333333,69116166
0.3333333333333333,0.3333333333333333,0.3333333333333333,53355015
0.16666666666666666,0.26666666666666666,0.5666666666666667,40450920
1.0,0.0,0.0,96506508
0.16666666666666669,0.2916666666666667,0.5416666666666667,94143892
0.11000000000000001,0.78,0.11000000000000001,63049873
0.0,0.4,0.6,61109051
0.11000000000000001,0.78,0.11000000000000001,76927573
0.16666666666666669,0.5416666666666667,0.2916666666666667,45931926
0.0,0.0,1.0,37193289
0.0,0.9,0.1,67676478
0.0,0.9,0.1,66406152
0.0,0.2,0.8,7016708
0.16666666666666669,0.6416666666666667,0.19166666666666668,53288334
0.0,0.9,0.1,51013065
0.0,0.33,0.67,91186758
0.16666666666666666,0.5666666666666667,0.26666666666666666,89593141
0.16666666666666666,0.3666666666666667,0.4666666666666667,54655085
0.0,0.8,0.2,47528859
0.0,0.2,0.8,97765910
0.16666666666666669,0.6666666666666667,0.16666666666666669,69839659
0.16666666666666666,0.4666666666666667,0.3666666666666667,76388857
0.0,0.1,0.9,14499395
0.16666666666666666,0.23666666666666666,0.5966666666666667,82780755
0.08333333333333333,0.23333333333333334,0.6833333333333335,76388857
0.0,0.0,1.0,19195268
0.03333333333333333,0.15933333333333335,0.8073333333333333,15163164
0.0,1.0,0.0,81954860
0.1,0.0,0.9,87926607
0.0,0.0,1.0,53042020
0.0,0.0,1.0,65207529
0.0,0.05,0.95,6964057
0.3333333333333333,0.3333333333333333,0.3333333333333333,24949421
0.08333333333333333,0.8333333333333334,0.08333333333333333,80059405
0.0,1.0,0.0,38421454
0.16666666666666669,0.4166666666666667,0.4166666666666667,23809944
0.3333333333333333,0.3333333333333333,0.3333333333333333,66630031
0.0,0.0,1.0,27421784
0.0,0.0,1.0,17166595
0.0,0.0,1.0,63854073
0.16666666666666669,0.5416666666666667,0.2916666666666667,57111063
0.3333333333333333,0.3333333333333333,0.3333333333333333,52364911
0.0,1.0,0.0,82965593
0.0,0.0,1.0,69116166
0.16666666666666666,0.5016666666666667,0.33166666666666667,97765910
0.0,0.09,0.91,19195268
0.0,0.11,0.89,10265774
0.08333333333333333,0.1958333333333333,0.7208333333333333,19398624
0.08333333333333333,0.21083333333333332,0.7058333333333333,67005884
0.0,0.1,0.9,38365618
0.2666666666666667,0.3106666666666667,0.4226666666666667,80907998
0.0,0.1,0.9,65207529
0.0,0.17,0.83,77328804
0.0,0.11,0.89,41791898
0.25,0.28500000000000003,0.46499999999999997,12964225
0.0,0.17,0.83,30150009
0.16666666666666666,0.2816666666666667,0.5516666666666666,58835211
0.16666666666666666,0.24666666666666665,0.5866666666666667,77239856
0.16666666666666669,0.6416666666666667,0.19166666666666668,99208105
0.16666666666666666,0.6316666666666667,0.20166666666666666,81954860
0.25,0.27,0.48,19398624
0.3333333333333333,0.3333333333333333,0.3333333333333333,67093531
0.0,0.0,1.0,44974372
0.3333333333333333,0.3333333333333333,0.3333333333333333,20458311
0.16666666666666666,0.20666666666666667,0.6266666666666667,24949421
0.25,0.3125,0.4375,16422190
0.3333333333333333,0.3333333333333333,0.3333333333333333,79579815
0.3333333333333333,0.3333333333333333,0.3333333333333333,82153961
0.22333333333333336,0.2596333333333334,0.5170333333333333,43497672
0.25,0.3,0.45,17166595
0.0,0.0,1.0,41791898
0.26580858085808584,0.4683828382838284,0.26580858085808584,30988778
0.13333333333333333,0.22333333333333333,0.6433333333333333,18312021
0.16666666666666666,0.33166666666666667,0.5016666666666667,47824176
0.11,0.177,0.713,98688299
0.22333333333333333,0.5038333333333334,0.2728333333333333,94123684
0.16666666666666669,0.19666666666666668,0.6366666666666667,52254958
0.0,0.0,1.0,2028059
0.16666666666666666,0.25666666666666665,0.5766666666666667,65723809
0.3333333333333333,0.3333333333333333,0.3333333333333333,87926607
0.0,0.1,0.9,67005884
0.3333333333333333,0.3333333333333333,0.3333333333333333,30725024
0.0,0.0,1.0,88296007
0.4166666666666667,0.16666666666666669,0.4166666666666667,75005688
0.16666666666666669,0.5416666666666667,0.2916666666666667,88716286
0.0,0.0,1.0,80061075
0.0,0.12871287128712872,0.8712871287128713,79579815
0.0,0.07,0.93,48519496
0.16666666666666666,0.20666666666666667,0.6266666666666667,68360149
0.0,0.0,1.0,63854073
0.0,0.2,0.8,34562860
0.0,0.0,1.0,39124661
0.0,0.0,1.0,18312021
0.0,0.0,1.0,74724107
0.08333333333333333,0.08333333333333333,0.8333333333333334,31920893
0.0,0.1,0.9,95915841
0.25,0.275,0.475,21872023
0.3333333333333333,0.3333333333333333,0.3333333333333333,2028059
0.3333333333333333,0.3333333333333333,0.3333333333333333,15723160
0.16666666666666669,0.2916666666666667,0.5416666666666667,53042020
0.3333333333333333,0.3333333333333333,0.3333333333333333,38365618
0.3333333333333333,0.3333333333333333,0.3333333333333333,57429630
0.3333333333333333,0.3333333333333333,0.3333333333333333,81963277
0.3333333333333333,0.3333333333333333,0.3333333333333333,88296007
0.16666666666666666,0.5966666666666667,0.23666666666666666,38421454
0.3333333333333333,0.3333333333333333,0.3333333333333333,42683605
0.16666666666666669,0.19166666666666668,0.6416666666666667,96718366
0.3333333333333333,0.3333333333333333,0.3333333333333333,82153961
0.16666666666666666,0.23666666666666666,0.5966666666666667,48519496
0.3333333333333333,0.3333333333333333,0.3333333333333333,75395377
0.0,0.96,0.04,57111063
0.0,0.25,0.75,14910982
0.3333333333333333,0.3333333333333333,0.3333333333333333,84235829
0.3333333333333333,0.3333333333333333,0.3333333333333333,47824176
0.3333333333333333,0.3333333333333333,0.3333333333333333,7431929
0.3333333333333333,0.3333333333333333,0.3333333333333333,48015767
0.16666666666666669,0.19666666666666668,0.6366666666666667,87789923
0.0,0.0,1.0,65723809
0.06666666666666667,0.07466666666666666,0.8586666666666667,50526337
0.16666666666666669,0.2916666666666667,0.5416666666666667,14576450
0.0,0.8,0.2,7431929
0.16666666666666666,0.6166666666666667,0.21666666666666667,66152324
0.0,0.75,0.25,15723160
0.06666666666666667,0.7066666666666668,0.22666666666666668,2648055
0.0,0.2,0.8,80907998
0.16666666666666666,0.33166666666666667,0.5016666666666667,33158978
0.3333333333333333,0.3333333333333333,0.3333333333333333,20458311
0.3333333333333333,0.3333333333333333,0.3333333333333333,75005688
0.0,0.1,0.9,97611017
0.16666666666666666,0.26666666666666666,0.5666666666666667,23809944
0.3333333333333333,0.3333333333333333,0.3333333333333333,42822105
0.0,0.67,0.33,43497672
0.3333333333333333,0.3333333333333333,0.3333333333333333,68360149
0.3333333333333333,0.3333333333333333,0.3333333333333333,52364911
0.0,0.0,1.0,12964225
0.0,0.05,0.95,98688299
0.16666666666666669,0.4166666666666667,0.4166666666666667,31920893
0.0,0.0,1.0,2648055
0.0,0.99,0.01,74058069
0.0,0.05,0.95,10718510
0.25,0.4175,0.3325,28698134
0.5,0.0,0.5,87925799
0.3333333333333333,0.3333333333333333,0.3333333333333333,70913663
0.0,0.95,0.05,6175122
0.0,0.0,1.0,43519457
0.0,0.0,1.0,34924907
0.0,0.0,1.0,31187039
0.0,0.0,1.0,95552059
0.16666666666666666,0.5666666666666667,0.26666666666666666,88125391
0.16666666666666666,0.21666666666666667,0.6166666666666667,34821235
0.0,0.95,0.05,29267760
0.0,0.01,0.99,76014959
0.0,0.0,1.0,8287467
0.25,0.3125,0.4375,72690817
0.06666666666666667,0.22666666666666668,0.7066666666666668,27176504
0.0,0.05,0.95,61170363
0.26666666666666666,0.16666666666666666,0.5666666666666667,55400962
0.0,0.33,0.67,2648055
0.3333333333333333,0.3333333333333333,0.3333333333333333,90371753
0.2666666666666667,0.3066666666666667,0.4266666666666667,68118732
0.16666666666666666,0.23666666666666666,0.5966666666666667,68204702
0.0,0.0,1.0,46106538
0.16666666666666666,0.5966666666666667,0.23666666666666666,6175122
0.11000000000000001,0.17030000000000003,0.7197,86310004
0.0,0.0,1.0,26640647
0.11000000000000001,0.13680000000000003,0.7532,20476173
0.16666666666666666,0.20666666666666667,0.6266666666666667,89296575
0.0,0.0,1.0,93056107
0.22333333333333336,0.45763333333333334,0.31903333333333334,88125391
0.08333333333333333,0.23333333333333334,0.6833333333333335,74482556
0.16666666666666666,0.20666666666666667,0.6266666666666667,48691796
0.22333333333333336,0.30583333333333335,0.4708333333333334,17796659
0.22333333333333336,0.48733333333333334,0.2893333333333334,62024586
0.22333333333333333,0.5269333333333333,0.24973333333333333,45386448
0.16666666666666666,0.25166666666666665,0.5816666666666667,27176504
0.11000000000000001,0.22390000000000002,0.6661,66234141
0.25,0.305,0.445,83507503
0.25,0.3,0.45,93149026
0.11,0.1971,0.6929,81963277
0.25,0.475,0.275,5145440
0.0,0.0,1.0,68118732
0.0,0.0,1.0,12493287
0.0,0.4,0.6,74866697
0.0,0.0,1.0,43519457
0.16666666666666666,0.16666666666666666,0.6666666666666666,61815817
0.0,0.0,1.0,28461002
0.0,0.0,1.0,20476173
0.0,0.0,1.0,81658253
0.5,0.0,0.5,35937648
0.0,0.0,1.0,34821235
0.0,0.9,0.1,93632229
0.0,0.1,0.9,68614235
0.25,0.3125,0.4375,17796659
0.0,0.0,1.0,69781003
0.2,0.44,0.36000000000000004,46161369
0.16666666666666666,0.16666666666666666,0.6666666666666666,61170363
0.22333333333333333,0.5203333333333333,0.2563333333333333,10311653
0.0,0.0,1.0,93149026
0.0,0.0,1.0,44974372
0.22333333333333336,0.30583333333333335,0.4708333333333334,80059405
0.16666666666666666,0.26666666666666666,0.5666666666666667,2587597
0.3333333333333333,0.3333333333333333,0.3333333333333333,68204702
0.16666666666666666,0.21666666666666667,0.6166666666666667,12493287
0.16666666666666666,0.23666666666666666,0.5966666666666667,94665159
0.16666666666666666,0.21666666666666667,0.6166666666666667,34924907
0.3333333333333333,0.3333333333333333,0.3333333333333333,63015257
0.3333333333333333,0.3333333333333333,0.3333333333333333,89296575
0.0,0.02,0.98,81658253
0.3333333333333333,0.3333333333333333,0.3333333333333333,44071040
0.3333333333333333,0.3333333333333333,0.3333333333333333,29267760
0.0,0.01,0.99,78133911
0.3333333333333333,0.3333333333333333,0.3333333333333333,62024586
0.3333333333333333,0.3333333333333333,0.3333333333333333,69781003
0.3333333333333333,0.3333333333333333,0.3333333333333333,96323810
0.16666666666666666,0.5016666666666667,0.33166666666666667,70221300
0.16666666666666669,0.2916666666666667,0.5416666666666667,5808216
0.3333333333333333,0.3333333333333333,0.3333333333333333,13090108
0.3333333333333333,0.3333333333333333,0.3333333333333333,30242302
0.16666666666666666,0.26666666666666666,0.5666666666666667,97611017
0.3333333333333333,0.3333333333333333,0.3333333333333333,74724107
1.0,0.0,0.0,48460786
0.16666666666666666,0.39166666666666666,0.44166666666666665,46106538
0.16666666666666666,0.6166666666666667,0.21666666666666667,74866697
0.0,0.75,0.25,94665159
0.0,0.67,0.33,98460633
0.0,0.75,0.25,75395377
0.0,0.75,0.25,86134641
0.0,0.55,0.45,18622744
0.0,0.1,0.9,285866
0.0,0.8,0.2,85026921
0.0,0.9,0.1,96323810
0.0,0.45,0.55,46161369
0.0,0.9,0.1,45386448
0.0,0.45,0.55,31187039
0.0,0.4,0.6,24270289
0.0,0.9,0.1,58581335
0.0,0.1,0.9,93056107
0.0,0.25,0.75,35937648
0.0,0.4,0.6,44071040
0.0,0.1,0.9,76014959
0.08333333333333333,0.38333333333333336,0.5333333333333333,94992932
0.0,0.1,0.9,5227807
0.0,0.01,0.99,43429587
0.11000000000000001,0.646,0.24400000000000002,40235544
0.0,0.05,0.95,56928017
0.0,0.0,1.0,77687355
0.0,1.0,0.0,42212153
0.0,0.1,0.9,49932010
0.0,0.2,0.8,33359956
0.0,0.0,1.0,45184182
0.0,0.0,1.0,18058708
0.11000000000000001,0.6862,0.2038,74242783
0.0,0.05,0.95,43657356
0.0,0.89,0.11,49763342
0.0,0.99,0.01,97148679
0.3333333333333333,0.3333333333333333,0.3333333333333333,8056470
0.3333333333333333,0.3333333333333333,0.3333333333333333,48215149
0.0,0.0,1.0,62878897
0.08333333333333331,0.6833333333333333,0.23333333333333328,7717277
0.0,0.4,0.6,66051500
0.0,0.0,1.0,78982016
0.0,0.06,0.94,56928017
0.22333333333333333,0.3190333333333333,0.4576333333333333,33036843
0.16666666666666666,0.5016666666666667,0.33166666666666667,10926420
0.22333333333333336,0.38833333333333336,0.38833333333333336,91003137
0.22333333333333336,0.22333333333333336,0.5533333333333333,53206733
0.11,0.713,0.177,75496092
0.0,0.0,1.0,18058708
0.11000000000000001,0.2038,0.6862,80596817
0.22333333333333333,0.44443333333333335,0.3322333333333333,58326896
0.16666666666666666,0.25166666666666665,0.5816666666666667,14551642
0.08333333333333333,0.08333333333333333,0.8333333333333334,40403668
0.16666666666666666,0.20666666666666667,0.6266666666666667,35182382
0.0,0.07,0.93,8056470
0.0,0.93,0.07,36500507
0.0,0.12871287128712872,0.8712871287128713,35253994
0.11000000000000001,0.22390000000000002,0.6661,45288542
0.16666666666666669,0.5416666666666667,0.2916666666666667,90361617
0.0,0.0,1.0,4546422
0.11000000000000001,0.2038,0.6862,5072465
0.22333333333333333,0.3322333333333333,0.44443333333333335,90378904
0.0,0.05,0.95,77687355
0.16666666666666666,0.23666666666666666,0.5966666666666667,28925509
0.3333333333333333,0.3333333333333333,0.3333333333333333,99864487
0.3333333333333333,0.3333333333333333,0.3333333333333333,25508080
0.3333333333333333,0.3333333333333333,0.3333333333333333,53206733
0.3333333333333333,0.3333333333333333,0.3333333333333333,80652954
0.3333333333333333,0.3333333333333333,0.3333333333333333,74242783
0.0,0.05,0.95,9270980
0.16666666666666666,0.5966666666666667,0.23666666666666666,15514490
0.3333333333333333,0.3333333333333333,0.3333333333333333,6576413
0.0,0.05,0.95,40403668
0.3333333333333333,0.3333333333333333,0.3333333333333333,51385401
0.0,0.05,0.95,34040843
0.0,0.05,0.95,38525228
0.0,0.17,0.83,12860946
0.16666666666666666,0.20666666666666667,0.6266666666666667,54104969
0.0,0.33,0.67,78339268
0.0,0.02,0.98,61224214
0.3333333333333333,0.3333333333333333,0.3333333333333333,13410646
0.3333333333333333,0.3333333333333333,0.3333333333333333,27233798
0.16666666666666666,0.16666666666666666,0.6666666666666666,42212153
0.0,0.8,0.2,86931317
0.0,1.0,0.0,18518553
0.0,0.67,0.33,75496092
0.0,0.67,0.33,80652954
0.0,0.67,0.33,54059491
0.0,0.67,0.33,8454559
0.0,0.6,0.4,87450670
0.0,0.9,0.1,39463480
0.0,0.25,0.75,35182382
0.0,0.33,0.67,51385401
0.0,0.4,0.6,62878897
0.16666666666666669,0.2916666666666667,0.5416666666666667,39272395
0.11000000000000001,0.6125,0.2775,74057907
0.0,0.95,0.05,29895800
0.3333333333333333,0.3333333333333333,0.3333333333333333,98553459
0.0,0.9,0.1,54104969
0.0,0.75,0.25,13956104
0.0,0.05,0.95,94819012
0.0,0.8,0.2,18389439
0.0,0.9,0.1,78339268
0.0,0.0,1.0,35720553
0.0,0.05,0.95,18052264
0.0,0.0,1.0,20926669
0.0,0.0,1.0,62984208
0.0,0.9,0.1,36613739
0.2666666666666667,0.3526666666666667,0.38066666666666665,94750786
0.16666666666666669,0.19166666666666668,0.6416666666666667,22837518
0.16666666666666669,0.19166666666666668,0.6416666666666667,16909542
0.0,0.0,1.0,27266177
0.0,0.0,1.0,64047275
0.0,0.0,1.0,86755977
0.27666666666666667,0.4228666666666667,0.30046666666666666,35201805
0.0,0.0,1.0,12889979
0.06666666666666667,0.22666666666666668,0.7066666666666668,46071965
0.25,0.39249999999999996,0.3575,21494001
0.0,0.43,0.57,92843222
0.0,0.05,0.95,3084158
