Growth,Loss,Stable,id
0.09,0.09,0.82,87950922
0.25,0.5,0.25,81395819
0.125,0.125,0.75,84152401
0.083,0.083,0.833,66411237
0.146,0.146,0.708,29398292
0.125,0.125,0.75,97187302
0.042,0.042,0.917,76577468
0.153,0.153,0.693,34090186
0.208,0.583,0.208,54194878
0.222,0.222,0.555,23083100
0.0,0.0,1.0,40450920
0.155,0.69,0.155,86348793
0.0,0.0,1.0,32106641
0.375,0.375,0.25,92692533
0.042,0.042,0.917,13068541
0.083,0.083,0.833,7462434
0.158,0.683,0.158,96421580
0.181,0.181,0.638,24892701
0.069,0.069,0.862,79842933
0.058,0.058,0.883,94123684
0.097,0.807,0.097,89126486
0.15,0.15,0.7,54707156
0.077,0.847,0.077,26822782
0.023,0.023,0.953,53693425
0.083,0.083,0.833,24933449
0.039,0.039,0.922,76577468
0.183,0.633,0.183,85905978
0.104,0.104,0.792,1658418
0.01,0.01,0.98,40950100
0.208,0.208,0.583,83301603
0.048,0.048,0.903,32106641
0.057,0.057,0.887,91550861
0.049,0.049,0.902,90568492
0.044,0.912,0.044,83604768
0.042,0.042,0.917,25149672
0.044,0.044,0.912,8462380
0.047,0.047,0.907,24892701
0.035,0.035,0.93,19689836
0.07,0.07,0.86,43610137
0.111,0.111,0.778,62714787
0.319,0.362,0.319,81395819
0.25,0.5,0.25,89126486
0.361,0.361,0.278,32975512
0.25,0.25,0.5,64608259
0.4,0.2,0.4,57875477
0.418,0.165,0.418,69839659
0.377,0.377,0.247,34090186
0.312,0.375,0.312,85905978
0.25,0.5,0.25,21844220
0.25,0.25,0.5,69004695
0.413,0.173,0.413,67178806
0.451,0.098,0.451,30523289
0.389,0.222,0.389,92692533
0.332,0.335,0.332,91550861
0.333,0.333,0.333,66357229
0.25,0.25,0.5,65778899
0.389,0.222,0.389,14107830
0.347,0.307,0.347,72972604
0.152,0.424,0.424,79842933
0.361,0.278,0.361,19689836
0.438,0.125,0.438,22546504
0.389,0.222,0.389,786489
0.274,0.274,0.452,84152401
0.198,0.198,0.605,54707156
0.356,0.288,0.356,32975512
0.397,0.397,0.207,69249222
0.236,0.236,0.528,53355015
0.375,0.375,0.25,14499395
0.177,0.647,0.177,54194878
0.171,0.171,0.658,74809158
0.322,0.322,0.355,21844220
0.188,0.188,0.625,2430050
0.383,0.383,0.233,26861268
0.271,0.458,0.271,13068541
0.154,0.154,0.692,90568492
0.402,0.195,0.402,66357229
0.152,0.152,0.695,49607116
0.406,0.188,0.406,19757086
0.345,0.345,0.31,18472705
0.229,0.229,0.542,43610137
0.162,0.162,0.677,22546504
0.375,0.375,0.25,42487167
0.0,0.0,1.0,66411237
0.017,0.967,0.017,26822782
0.008,0.008,0.983,64608259
0.057,0.887,0.057,69249222
0.125,0.125,0.75,33246590
0.0,0.0,1.0,50043403
0.0,0.0,1.0,23083100
0.033,0.033,0.933,1658418
0.0,0.0,1.0,2430050
0.017,0.017,0.967,21053593
0.083,0.083,0.833,55392938
0.083,0.833,0.083,83604768
0.083,0.083,0.833,65778899
0.0,0.0,1.0,49607116
0.083,0.083,0.833,77779142
0.125,0.125,0.75,4462248
0.167,0.167,0.667,18250573
0.167,0.167,0.667,62714787
0.05,0.9,0.05,786489
0.083,0.083,0.833,42487167
0.008,0.008,0.983,53693425
0.112,0.112,0.777,57875477
0.187,0.187,0.627,33246590
0.058,0.883,0.058,1131061
0.271,0.458,0.271,67178806
0.112,0.112,0.777,26861268
0.306,0.306,0.388,21053593
0.306,0.388,0.306,7462434
0.153,0.153,0.693,25149672
0.225,0.225,0.55,14107830
0.333,0.333,0.333,19757086
0.142,0.717,0.142,77779142
0.312,0.375,0.312,51945969
0.229,0.542,0.229,75129394
0.017,0.017,0.967,55666943
0.417,0.417,0.167,91270257
0.083,0.083,0.833,40950100
0.417,0.417,0.167,73771223
0.375,0.375,0.25,23284643
0.25,0.25,0.5,29398292
0.083,0.833,0.083,4462248
0.229,0.229,0.542,51945969
0.083,0.833,0.083,91977286
0.125,0.125,0.75,97187302
0.833,0.083,0.083,24933449
0.083,0.833,0.083,50043403
0.208,0.583,0.208,1131061
0.083,0.833,0.083,86348793
0.167,0.667,0.167,30523289
0.292,0.417,0.292,96421580
0.083,0.083,0.833,8462380
0.167,0.667,0.167,72972604
0.194,0.612,0.194,83301603
0.312,0.375,0.312,28247858
0.292,0.292,0.417,55392938
0.167,0.167,0.667,73771223
0.25,0.25,0.5,18472705
0.333,0.333,0.333,2068714
0.25,0.25,0.5,68178730
0.083,0.833,0.083,51970690
0.362,0.362,0.277,75129394
0.167,0.167,0.667,2068714
0.167,0.167,0.667,15845955
0.292,0.292,0.417,78809525
0.354,0.292,0.354,17818825
0.264,0.264,0.472,8290514
0.229,0.229,0.542,32787998
0.171,0.171,0.658,62095235
0.383,0.233,0.383,34678995
0.167,0.667,0.167,28442044
0.312,0.375,0.312,53610570
0.167,0.167,0.667,74231007
0.194,0.194,0.612,66622881
0.194,0.194,0.612,46471115
0.417,0.417,0.167,71006690
0.292,0.292,0.417,85900529
0.271,0.458,0.271,64039525
0.242,0.517,0.242,5104092
0.267,0.267,0.467,83594459
0.267,0.267,0.467,3876631
0.132,0.132,0.737,23284643
0.188,0.188,0.625,91977286
0.083,0.083,0.833,15845955
0.174,0.174,0.652,9220369
0.111,0.111,0.778,80277766
0.026,0.948,0.026,24747903
0.208,0.208,0.583,44677663
0.083,0.083,0.833,53249296
0.262,0.475,0.262,62095235
0.092,0.092,0.817,89098941
0.188,0.188,0.625,67290870
0.088,0.088,0.823,95981436
0.098,0.098,0.805,40027003
0.083,0.083,0.833,88527044
0.09,0.09,0.82,82156017
0.052,0.052,0.897,68885921
0.139,0.139,0.722,15498542
0.072,0.072,0.855,35377485
0.234,0.234,0.532,83594459
0.091,0.091,0.818,75062547
0.312,0.375,0.312,68178730
0.325,0.325,0.35,9220369
0.426,0.148,0.426,94831135
0.375,0.375,0.25,6190663
0.438,0.125,0.438,4216413
0.361,0.278,0.361,84489052
0.418,0.165,0.418,34678995
0.361,0.278,0.361,89098941
0.312,0.375,0.312,68751961
0.34,0.34,0.32,42018273
0.403,0.403,0.193,78328177
0.375,0.25,0.375,46182071
0.338,0.323,0.338,46471115
0.332,0.332,0.335,88527044
0.375,0.25,0.375,62856672
0.332,0.332,0.335,32467637
0.418,0.418,0.165,18569680
0.338,0.323,0.338,12758004
0.403,0.193,0.403,3876631
0.418,0.418,0.165,75062547
0.354,0.354,0.292,91270257
0.354,0.292,0.354,51970690
0.417,0.417,0.167,17818825
0.331,0.338,0.331,80277766
0.408,0.183,0.408,94831135
0.236,0.236,0.528,65313888
0.417,0.417,0.167,18316811
0.142,0.717,0.142,55572137
0.417,0.417,0.167,28442044
0.167,0.667,0.167,68751961
0.379,0.379,0.242,70780017
0.445,0.11,0.445,89076703
0.222,0.222,0.555,71006690
0.111,0.111,0.778,82156017
0.292,0.417,0.292,62856672
0.361,0.361,0.278,61886939
0.288,0.288,0.425,59404333
0.268,0.268,0.463,44941728
0.333,0.333,0.333,48181909
0.208,0.208,0.583,45160745
0.0,0.0,1.0,83656683
0.083,0.083,0.833,8290514
0.0,1.0,0.0,24747903
0.083,0.083,0.833,6190663
0.062,0.062,0.875,65313888
0.083,0.083,0.833,59472915
0.056,0.056,0.888,80397483
0.07,0.86,0.07,53610570
0.093,0.093,0.813,42018273
0.02,0.02,0.96,70780017
0.139,0.139,0.722,81432477
0.042,0.042,0.917,31193025
0.083,0.083,0.833,85900529
0.125,0.125,0.75,68885921
0.083,0.083,0.833,32467637
0.042,0.042,0.917,24038078
0.0,0.0,1.0,91112080
0.167,0.167,0.667,57588578
0.0,1.0,0.0,88369095
0.917,0.042,0.042,83158288
0.292,0.417,0.292,16028015
0.292,0.292,0.417,71071171
0.167,0.667,0.167,4216413
0.142,0.142,0.717,18316811
0.458,0.458,0.083,59472915
0.431,0.138,0.431,53298392
0.083,0.083,0.833,74231007
0.083,0.083,0.833,95981436
0.458,0.458,0.083,78328177
0.167,0.167,0.667,89076703
0.283,0.283,0.433,81432477
0.125,0.125,0.75,22318032
0.375,0.25,0.375,64039525
0.375,0.375,0.25,18569680
0.208,0.208,0.583,59404333
0.0,0.0,1.0,24038078
0.458,0.458,0.083,64960015
0.375,0.375,0.25,28903669
0.125,0.125,0.75,6533273
0.208,0.208,0.583,44677663
0.167,0.167,0.667,83158288
0.167,0.667,0.167,16028015
0.167,0.167,0.667,32787998
0.083,0.083,0.833,53249296
0.167,0.667,0.167,84489052
0.083,0.833,0.083,81677574
0.0,1.0,0.0,55572137
0.167,0.167,0.667,80397483
0.208,0.208,0.583,53298392
0.25,0.5,0.25,46182071
0.333,0.333,0.333,38454164
0.167,0.167,0.667,31193025
0.25,0.25,0.5,22318032
0.25,0.5,0.25,5104092
0.25,0.5,0.25,35377485
0.083,0.833,0.083,12758004
0.167,0.167,0.667,44941728
0.333,0.333,0.333,91112080
0.277,0.445,0.277,64960015
0.25,0.25,0.5,91704887
0.288,0.288,0.425,48181909
0.167,0.167,0.667,57588578
0.258,0.258,0.483,28903669
0.167,0.667,0.167,81677574
0.283,0.283,0.433,16807909
0.167,0.167,0.667,42271433
0.167,0.667,0.167,38290846
0.292,0.292,0.417,35006114
0.222,0.222,0.555,20713890
0.167,0.667,0.167,65254217
0.167,0.167,0.667,52597308
0.417,0.167,0.417,66193726
0.167,0.667,0.167,73000893
0.167,0.167,0.667,75437634
0.275,0.275,0.45,84589977
0.208,0.208,0.583,96011716
0.417,0.167,0.417,76432632
0.286,0.286,0.428,30183405
0.367,0.267,0.367,46942368
0.34,0.32,0.34,26594139
0.367,0.267,0.367,71071171
0.225,0.225,0.55,39409814
0.278,0.278,0.443,45160745
0.215,0.215,0.57,88369095
0.031,0.031,0.938,6533273
0.181,0.181,0.638,91704887
0.098,0.098,0.805,16807909
0.098,0.098,0.805,75338200
0.322,0.322,0.355,7581613
0.188,0.625,0.188,1589145
0.202,0.202,0.597,27798249
0.202,0.202,0.597,97425135
0.132,0.132,0.737,39699194
0.155,0.155,0.69,15484062
0.072,0.072,0.857,10351455
0.077,0.077,0.847,78721587
0.334,0.334,0.332,27211901
0.5,0.5,0.0,76432632
0.083,0.083,0.833,5451556
0.093,0.093,0.813,92137362
0.25,0.25,0.5,27515072
0.159,0.159,0.682,80774023
0.098,0.805,0.098,39409814
0.255,0.255,0.49,76897553
0.076,0.076,0.848,71295829
0.424,0.424,0.152,86800950
0.125,0.75,0.125,60429406
0.05,0.05,0.9,42271433
0.0,0.0,1.0,75338200
0.354,0.292,0.354,7958363
0.05,0.05,0.9,71969357
0.139,0.139,0.722,60481508
0.458,0.085,0.458,56114493
0.418,0.418,0.165,66193726
0.46,0.46,0.08,39699194
0.188,0.625,0.188,2024909
0.09,0.82,0.09,56527992
0.347,0.347,0.307,96397323
0.238,0.238,0.525,54020410
0.326,0.348,0.326,30183405
0.118,0.118,0.765,5451556
0.098,0.805,0.098,80552847
0.326,0.326,0.348,21938453
0.428,0.145,0.428,55666943
0.361,0.361,0.278,78809525
0.333,0.333,0.333,76897553
0.208,0.208,0.583,64899219
0.348,0.305,0.348,11122783
0.264,0.264,0.472,13664861
0.292,0.417,0.292,38290846
0.333,0.333,0.333,7581613
0.333,0.333,0.333,7958363
0.417,0.167,0.417,28568145
0.333,0.333,0.333,93109246
0.375,0.375,0.25,34307115
0.25,0.5,0.25,73000893
0.208,0.208,0.583,15484062
0.292,0.417,0.292,2024909
0.167,0.167,0.667,96016585
0.375,0.25,0.375,52405413
0.167,0.167,0.667,56663273
0.458,0.458,0.083,46942368
0.333,0.333,0.333,92137362
0.333,0.333,0.333,80552847
0.208,0.208,0.583,93137713
0.225,0.225,0.55,80774023
0.375,0.375,0.25,38454164
0.243,0.243,0.513,71295829
0.16,0.16,0.68,64899219
0.132,0.737,0.132,67593577
0.278,0.278,0.443,67869475
0.167,0.167,0.667,35006114
0.012,0.977,0.012,1589145
0.167,0.167,0.667,71969357
0.239,0.239,0.522,28568145
0.167,0.167,0.667,26295944
0.125,0.125,0.75,148142
0.167,0.167,0.667,75437634
0.0,1.0,0.0,10351455
0.146,0.146,0.708,56527992
0.167,0.167,0.667,96016585
0.188,0.188,0.625,80220413
0.333,0.333,0.333,40107720
0.153,0.153,0.693,26594139
0.293,0.293,0.413,27515072
0.202,0.202,0.595,21938453
0.208,0.208,0.583,93137713
0.219,0.219,0.562,67290870
0.167,0.167,0.667,61886939
0.417,0.417,0.167,86800950
0.25,0.5,0.25,11122783
0.083,0.833,0.083,67593577
0.208,0.583,0.208,48296247
0.125,0.125,0.75,20713890
0.375,0.375,0.25,27798249
0.333,0.333,0.333,60481508
0.458,0.083,0.458,93109246
0.083,0.083,0.833,26295944
0.208,0.583,0.208,46215217
0.417,0.417,0.167,84589977
0.208,0.208,0.583,78721587
0.333,0.333,0.333,96397323
0.333,0.333,0.333,52405413
0.25,0.25,0.5,80220413
0.208,0.208,0.583,20880708
0.208,0.208,0.583,79047989
0.208,0.208,0.583,91747824
0.208,0.208,0.583,23577275
0.125,0.125,0.75,51295323
0.333,0.333,0.333,83656683
0.333,0.333,0.333,15498542
0.25,0.5,0.25,60429406
0.25,0.25,0.5,13664861
0.333,0.333,0.333,67869475
0.354,0.292,0.354,48296247
0.104,0.792,0.104,65254217
0.167,0.167,0.667,97425135
0.375,0.375,0.25,56114493
0.25,0.25,0.5,34307115
0.229,0.229,0.542,148142
0.208,0.583,0.208,46215217
0.229,0.229,0.542,96011716
0.25,0.25,0.5,27211901
0.25,0.25,0.5,54020410
0.195,0.195,0.61,56663273
0.25,0.5,0.25,66622881
0.292,0.292,0.417,40107720
0.25,0.5,0.25,20880708
0.375,0.25,0.375,8835255
0.25,0.25,0.5,94638951
0.271,0.271,0.458,40027003
0.25,0.25,0.5,32007075
0.292,0.417,0.292,23179987
0.208,0.208,0.583,19204019
0.194,0.194,0.612,75533724
0.167,0.667,0.167,31925560
0.167,0.667,0.167,95915841
0.167,0.167,0.667,6355755
0.35,0.35,0.3,96506508
0.167,0.167,0.667,75117306
0.25,0.5,0.25,27105696
0.292,0.417,0.292,3256595
0.333,0.333,0.333,91153471
0.208,0.208,0.583,45931926
0.292,0.292,0.417,56092979
0.282,0.282,0.437,84235564
0.167,0.167,0.667,20196685
0.188,0.188,0.625,45674038
0.167,0.667,0.167,51013065
0.298,0.298,0.403,22551424
0.396,0.396,0.208,54499254
0.354,0.292,0.354,2721769
0.333,0.333,0.333,18250573
0.164,0.164,0.672,19204019
0.219,0.219,0.562,47448092
0.128,0.128,0.745,78657650
0.194,0.194,0.612,58835211
0.194,0.194,0.612,14576450
0.112,0.112,0.777,75117306
0.09,0.09,0.82,79045706
0.277,0.277,0.445,29085874
0.112,0.777,0.112,74338859
0.285,0.285,0.43,48015767
0.271,0.271,0.458,29158350
0.282,0.282,0.437,52254958
0.177,0.177,0.647,37193289
0.152,0.152,0.695,55400962
0.118,0.118,0.763,80122503
0.188,0.188,0.625,49570556
0.167,0.167,0.665,91186758
0.122,0.122,0.757,22551424
0.086,0.086,0.828,87950922
0.069,0.069,0.862,74809158
0.156,0.688,0.156,73698383
0.167,0.667,0.167,31925560
0.305,0.305,0.39,47448092
0.167,0.167,0.667,70550509
0.083,0.083,0.833,34403085
0.354,0.354,0.292,38996901
0.292,0.417,0.292,63049873
0.25,0.5,0.25,3256595
0.417,0.417,0.167,29085874
0.292,0.417,0.292,13822452
0.188,0.188,0.625,50282063
0.312,0.312,0.375,43297700
0.167,0.667,0.167,66406152
0.417,0.417,0.167,84235564
0.354,0.354,0.292,60468536
0.152,0.152,0.695,5112781
0.333,0.333,0.333,17728085
0.333,0.333,0.333,89593141
0.312,0.312,0.375,40332342
0.375,0.375,0.25,98678088
0.333,0.333,0.333,28247858
0.229,0.542,0.229,58835211
0.094,0.812,0.094,46317002
0.167,0.167,0.667,34403085
0.167,0.167,0.667,90460188
0.208,0.583,0.208,61109051
0.208,0.208,0.583,91153471
0.0,1.0,0.0,74338859
0.375,0.375,0.25,55724819
0.181,0.181,0.638,50282063
0.342,0.342,0.315,24714350
0.195,0.195,0.61,7016708
0.188,0.188,0.625,20196685
0.181,0.181,0.638,80122503
0.312,0.312,0.375,3490301
0.208,0.208,0.583,5112781
0.264,0.264,0.472,54655085
0.208,0.208,0.583,22544211
0.125,0.125,0.75,26657421
0.194,0.194,0.612,69004695
0.0,1.0,0.0,2721769
0.208,0.208,0.583,6355755
0.083,0.083,0.833,30150009
0.167,0.167,0.667,62130675
0.083,0.083,0.833,38996901
0.333,0.333,0.333,90460188
0.125,0.75,0.125,76927573
0.167,0.667,0.167,82965593
0.208,0.208,0.583,43297700
0.208,0.208,0.583,24714350
0.125,0.75,0.125,53288334
0.083,0.083,0.833,45674038
0.375,0.375,0.25,49570556
0.292,0.417,0.292,12449375
0.417,0.167,0.417,17728085
0.208,0.208,0.583,21872023
0.208,0.583,0.208,47528859
0.417,0.417,0.167,82780755
0.292,0.292,0.417,69116166
0.25,0.5,0.25,53355015
0.333,0.333,0.333,40450920
1.0,0.0,0.0,96506508
0.292,0.292,0.417,94143892
0.277,0.445,0.277,63049873
0.25,0.25,0.5,61109051
0.277,0.445,0.277,76927573
0.292,0.417,0.292,45931926
0.25,0.25,0.5,37193289
0.25,0.5,0.25,67676478
0.25,0.5,0.25,66406152
0.25,0.25,0.5,7016708
0.292,0.417,0.292,53288334
0.25,0.5,0.25,51013065
0.25,0.25,0.5,91186758
0.292,0.417,0.292,89593141
0.292,0.292,0.417,54655085
0.25,0.5,0.25,47528859
0.25,0.25,0.5,97765910
0.292,0.417,0.292,69839659
0.292,0.417,0.292,76388857
0.25,0.25,0.5,14499395
0.308,0.308,0.383,82780755
0.25,0.25,0.5,76388857
0.167,0.167,0.667,19195268
0.217,0.217,0.567,15163164
0.167,0.667,0.167,81954860
0.167,0.167,0.667,87926607
0.167,0.167,0.667,53042020
0.167,0.167,0.667,65207529
0.167,0.167,0.667,6964057
0.417,0.417,0.167,24949421
0.215,0.57,0.215,80059405
0.167,0.667,0.167,38421454
0.271,0.458,0.271,23809944
0.375,0.375,0.25,66630031
0.167,0.167,0.667,27421784
0.208,0.208,0.583,17166595
0.167,0.167,0.667,63854073
0.25,0.5,0.25,57111063
0.333,0.333,0.333,52364911
0.167,0.667,0.167,82965593
0.032,0.032,0.935,69116166
0.146,0.708,0.146,97765910
0.083,0.083,0.833,19195268
0.083,0.083,0.833,10265774
0.215,0.215,0.57,19398624
0.142,0.142,0.717,67005884
0.104,0.104,0.792,38365618
0.198,0.198,0.603,80907998
0.056,0.056,0.888,65207529
0.1,0.1,0.8,77328804
0.079,0.079,0.842,41791898
0.177,0.177,0.647,12964225
0.062,0.062,0.875,30150009
0.173,0.173,0.653,58835211
0.292,0.292,0.417,77239856
0.25,0.5,0.25,99208105
0.208,0.583,0.208,81954860
0.34,0.34,0.32,19398624
0.292,0.417,0.292,67093531
0.083,0.083,0.833,44974372
0.25,0.5,0.25,20458311
0.308,0.308,0.383,24949421
0.354,0.354,0.292,16422190
0.389,0.222,0.389,79579815
0.333,0.333,0.333,82153961
0.348,0.348,0.305,43497672
0.354,0.354,0.292,17166595
0.152,0.152,0.695,41791898
0.348,0.305,0.348,30988778
0.207,0.207,0.587,18312021
0.361,0.361,0.278,47824176
0.236,0.236,0.528,98688299
0.348,0.305,0.348,94123684
0.292,0.292,0.417,52254958
0.167,0.167,0.667,2028059
0.292,0.292,0.417,65723809
0.333,0.333,0.333,87926607
0.083,0.083,0.833,67005884
0.333,0.333,0.333,30725024
0.208,0.208,0.583,88296007
0.722,0.139,0.139,75005688
0.208,0.583,0.208,88716286
0.042,0.042,0.917,80061075
0.125,0.125,0.75,79579815
0.167,0.167,0.667,48519496
0.229,0.229,0.542,68360149
0.183,0.183,0.633,63854073
0.152,0.152,0.695,34562860
0.188,0.188,0.625,39124661
0.083,0.083,0.833,18312021
0.125,0.125,0.75,74724107
0.188,0.188,0.625,31920893
0.104,0.104,0.792,95915841
0.221,0.221,0.558,21872023
0.25,0.25,0.5,2028059
0.292,0.417,0.292,15723160
0.333,0.333,0.333,53042020
0.25,0.25,0.5,38365618
0.375,0.375,0.25,57429630
0.375,0.375,0.25,81963277
0.417,0.417,0.167,88296007
0.208,0.583,0.208,38421454
0.417,0.417,0.167,42683605
0.208,0.208,0.583,96718366
0.25,0.25,0.5,82153961
0.333,0.333,0.333,48519496
0.333,0.333,0.333,75395377
0.083,0.833,0.083,57111063
0.083,0.083,0.833,14910982
0.375,0.375,0.25,84235829
0.458,0.458,0.083,47824176
0.333,0.333,0.333,7431929
0.375,0.375,0.25,48015767
0.208,0.208,0.583,87789923
0.0,0.0,1.0,65723809
0.267,0.267,0.467,50526337
0.292,0.292,0.417,14576450
0.25,0.5,0.25,7431929
0.292,0.417,0.292,66152324
0.25,0.5,0.25,15723160
0.283,0.433,0.283,2648055
0.25,0.25,0.5,80907998
0.292,0.292,0.417,33158978
0.333,0.333,0.333,20458311
0.333,0.333,0.333,75005688
0.25,0.25,0.5,97611017
0.292,0.292,0.417,23809944
0.333,0.333,0.333,42822105
0.25,0.5,0.25,43497672
0.333,0.333,0.333,68360149
0.375,0.25,0.375,52364911
0.25,0.25,0.5,12964225
0.25,0.25,0.5,98688299
0.292,0.417,0.292,31920893
0.25,0.25,0.5,2648055
0.125,0.75,0.125,74058069
0.167,0.167,0.667,10718510
0.229,0.542,0.229,28698134
0.667,0.167,0.167,87925799
0.333,0.333,0.333,70913663
0.233,0.533,0.233,6175122
0.167,0.167,0.667,43519457
0.167,0.167,0.667,34924907
0.167,0.167,0.667,31187039
0.125,0.125,0.75,95552059
0.292,0.417,0.292,88125391
0.264,0.264,0.472,34821235
0.167,0.667,0.167,29267760
0.208,0.208,0.583,76014959
0.167,0.167,0.667,8287467
0.271,0.271,0.458,72690817
0.25,0.25,0.5,27176504
0.233,0.233,0.533,61170363
0.333,0.333,0.333,55400962
0.125,0.125,0.75,2648055
0.396,0.396,0.208,90371753
0.275,0.275,0.45,68118732
0.306,0.306,0.388,68204702
0.208,0.208,0.583,46106538
0.333,0.333,0.333,6175122
0.319,0.319,0.362,86310004
0.181,0.181,0.638,26640647
0.257,0.257,0.487,20476173
0.333,0.333,0.333,89296575
0.097,0.097,0.807,93056107
0.348,0.305,0.348,88125391
0.312,0.312,0.375,74482556
0.257,0.257,0.487,48691796
0.368,0.368,0.263,17796659
0.354,0.292,0.354,62024586
0.32,0.36,0.32,45386448
0.333,0.333,0.333,27176504
0.326,0.326,0.348,66234141
0.34,0.34,0.32,83507503
0.34,0.34,0.32,93149026
0.252,0.252,0.495,81963277
0.368,0.263,0.368,5145440
0.083,0.083,0.833,68118732
0.152,0.152,0.695,12493287
0.132,0.132,0.737,74866697
0.188,0.188,0.625,43519457
0.333,0.333,0.333,61815817
0.083,0.083,0.833,28461002
0.188,0.188,0.625,20476173
0.188,0.188,0.625,81658253
0.958,0.021,0.021,35937648
0.152,0.152,0.695,34821235
0.05,0.9,0.05,93632229
0.146,0.146,0.708,68614235
0.236,0.236,0.528,17796659
0.167,0.167,0.667,69781003
0.279,0.442,0.279,46161369
0.167,0.167,0.667,61170363
0.16,0.68,0.16,10311653
0.048,0.048,0.903,93149026
0.208,0.208,0.583,44974372
0.264,0.264,0.472,80059405
0.208,0.208,0.583,2587597
0.375,0.375,0.25,68204702
0.125,0.125,0.75,12493287
0.25,0.25,0.5,94665159
0.208,0.208,0.583,34924907
0.333,0.333,0.333,63015257
0.417,0.417,0.167,89296575
0.083,0.083,0.833,81658253
0.458,0.083,0.458,44071040
0.292,0.417,0.292,29267760
0.083,0.083,0.833,78133911
0.458,0.458,0.083,62024586
0.25,0.25,0.5,69781003
0.333,0.333,0.333,96323810
0.125,0.75,0.125,70221300
0.208,0.208,0.583,5808216
0.292,0.417,0.292,13090108
0.375,0.375,0.25,30242302
0.208,0.208,0.583,97611017
0.292,0.292,0.417,74724107
1.0,0.0,0.0,48460786
0.292,0.292,0.417,46106538
0.292,0.417,0.292,74866697
0.25,0.5,0.25,94665159
0.25,0.5,0.25,98460633
0.25,0.5,0.25,75395377
0.25,0.5,0.25,86134641
0.25,0.5,0.25,18622744
0.25,0.25,0.5,285866
0.25,0.5,0.25,85026921
0.25,0.5,0.25,96323810
0.25,0.25,0.5,46161369
0.25,0.5,0.25,45386448
0.25,0.25,0.5,31187039
0.25,0.25,0.5,24270289
0.25,0.5,0.25,58581335
0.25,0.25,0.5,93056107
0.25,0.25,0.5,35937648
0.25,0.25,0.5,44071040
0.25,0.25,0.5,76014959
0.271,0.271,0.458,94992932
0.222,0.222,0.557,5227807
0.167,0.167,0.667,43429587
0.277,0.445,0.277,40235544
0.167,0.167,0.667,56928017
0.167,0.167,0.667,77687355
0.167,0.667,0.167,42212153
0.167,0.167,0.667,49932010
0.139,0.139,0.722,33359956
0.167,0.167,0.667,45184182
0.167,0.167,0.667,18058708
0.277,0.445,0.277,74242783
0.15,0.15,0.7,43657356
0.174,0.652,0.174,49763342
0.167,0.667,0.167,97148679
0.333,0.333,0.333,8056470
0.375,0.25,0.375,48215149
0.167,0.167,0.667,62878897
0.243,0.513,0.243,7717277
0.208,0.208,0.583,66051500
0.167,0.167,0.667,78982016
0.083,0.083,0.833,56928017
0.362,0.362,0.277,33036843
0.194,0.612,0.194,10926420
0.222,0.555,0.222,91003137
0.306,0.306,0.388,53206733
0.263,0.473,0.263,75496092
0.167,0.167,0.667,18058708
0.236,0.236,0.528,80596817
0.389,0.222,0.389,58326896
0.269,0.269,0.462,14551642
0.215,0.215,0.57,40403668
0.277,0.277,0.445,35182382
0.09,0.09,0.82,8056470
0.056,0.888,0.056,36500507
0.146,0.146,0.708,35253994
0.212,0.212,0.577,45288542
0.173,0.653,0.173,90361617
0.083,0.083,0.833,4546422
0.242,0.242,0.515,5072465
0.271,0.271,0.458,90378904
0.083,0.083,0.833,77687355
0.125,0.125,0.75,28925509
0.417,0.417,0.167,99864487
0.292,0.292,0.417,25508080
0.25,0.25,0.5,53206733
0.292,0.292,0.417,80652954
0.458,0.458,0.083,74242783
0.083,0.083,0.833,9270980
0.25,0.5,0.25,15514490
0.458,0.458,0.083,6576413
0.083,0.083,0.833,40403668
0.292,0.292,0.417,51385401
0.0,0.0,1.0,34040843
0.083,0.083,0.833,38525228
0.083,0.083,0.833,12860946
0.125,0.125,0.75,54104969
0.083,0.083,0.833,78339268
0.083,0.083,0.833,61224214
0.167,0.667,0.167,13410646
0.417,0.167,0.417,27233798
0.292,0.292,0.417,42212153
0.25,0.5,0.25,86931317
0.25,0.5,0.25,18518553
0.25,0.5,0.25,75496092
0.25,0.5,0.25,80652954
0.25,0.5,0.25,54059491
0.25,0.5,0.25,8454559
0.25,0.5,0.25,87450670
0.25,0.5,0.25,39463480
0.25,0.25,0.5,35182382
0.25,0.25,0.5,51385401
0.25,0.25,0.5,62878897
0.292,0.292,0.417,39272395
0.277,0.445,0.277,74057907
0.25,0.5,0.25,29895800
0.333,0.333,0.333,98553459
0.25,0.5,0.25,54104969
0.25,0.5,0.25,13956104
0.25,0.25,0.5,94819012
0.25,0.5,0.25,18389439
0.215,0.57,0.215,78339268
0.194,0.194,0.612,35720553
0.188,0.188,0.625,18052264
0.1,0.1,0.8,20926669
0.167,0.167,0.667,62984208
0.189,0.622,0.189,36613739
0.317,0.317,0.367,94750786
0.292,0.292,0.417,22837518
0.292,0.292,0.417,16909542
0.167,0.167,0.667,27266177
0.167,0.167,0.667,64047275
0.167,0.167,0.667,86755977
0.319,0.362,0.319,35201805
0.167,0.167,0.667,12889979
0.225,0.225,0.55,46071965
0.333,0.333,0.333,21494001
0.198,0.198,0.603,92843222
0.208,0.208,0.583,3084158
0.225,0.55,0.225,54059491
0.104,0.104,0.792,10973648
0.194,0.612,0.194,33184069
0.277,0.277,0.445,62984208
0.146,0.146,0.708,62168796
0.298,0.405,0.298,58978367
0.188,0.188,0.625,8820004
0.208,0.208,0.583,24022940
0.403,0.193,0.403,28326592
0.198,0.198,0.605,64047275
0.32,0.36,0.32,3627259
0.167,0.167,0.667,85344742
0.152,0.152,0.695,75019596
0.188,0.188,0.625,98482133
0.334,0.334,0.332,21494001
0.042,0.917,0.042,50028290
0.132,0.132,0.737,99193825
0.292,0.292,0.417,46613213
0.236,0.236,0.528,81035060
0.403,0.403,0.193,60139785
0.32,0.32,0.36,98553459
0.208,0.208,0.583,92891900
0.458,0.083,0.458,36613739
0.125,0.125,0.75,37245488
0.0,0.0,1.0,15479292
0.083,0.833,0.083,29165192
0.083,0.083,0.833,24022940
0.083,0.083,0.833,65374836
0.083,0.083,0.833,86755977
0.167,0.167,0.667,21974299
0.292,0.292,0.417,22228001
0.25,0.25,0.5,64513252
0.083,0.083,0.833,98482133
0.083,0.833,0.083,92843222
0.083,0.083,0.833,71948122
0.083,0.083,0.833,30739793
0.333,0.333,0.333,46613213
0.125,0.125,0.75,46697630
0.167,0.167,0.667,48215149
0.25,0.25,0.5,45288542
0.417,0.167,0.417,10586330
0.271,0.271,0.458,33184069
0.292,0.292,0.417,92891900
0.333,0.333,0.333,94750786
0.25,0.5,0.25,35171556
0.292,0.417,0.292,2509987
0.25,0.25,0.5,39258835
0.333,0.333,0.333,28326592
0.25,0.5,0.25,65374836
0.25,0.5,0.25,19048534
0.25,0.5,0.25,28853797
0.417,0.167,0.417,7135261
0.25,0.25,0.5,40616112
0.333,0.333,0.333,3084158
0.25,0.25,0.5,31572040
0.25,0.25,0.5,74866697
0.25,0.25,0.5,46697630
0.25,0.25,0.5,81035060
0.25,0.5,0.25,75388542
0.25,0.5,0.25,32662645
0.333,0.333,0.333,61250602
0.125,0.75,0.125,89713443
0.181,0.638,0.181,45448122
0.173,0.653,0.173,33169768
0.083,0.833,0.083,6798519
0.167,0.167,0.667,50982833
0.333,0.333,0.333,42044697
0.167,0.167,0.667,14623643
0.183,0.183,0.633,59603330
0.104,0.792,0.104,61488767
0.167,0.167,0.667,34963455
0.333,0.333,0.333,58045422
0.167,0.167,0.667,99789596
0.75,0.125,0.125,30861007
0.125,0.125,0.75,76162539
0.167,0.167,0.667,33840615
0.042,0.917,0.042,43929050
0.167,0.167,0.667,57189037
0.348,0.348,0.305,65481674
0.111,0.778,0.111,5184954
0.167,0.167,0.667,18719633
0.167,0.667,0.167,13956104
0.306,0.388,0.306,97035129
0.348,0.348,0.305,58264886
0.146,0.146,0.708,86304962
0.194,0.194,0.612,45506890
0.41,0.41,0.18,2989166
0.25,0.25,0.5,59603330
0.257,0.487,0.257,1921938
0.414,0.414,0.172,59064411
0.403,0.403,0.193,66439935
0.306,0.306,0.388,559985
0.333,0.333,0.333,79505051
0.16,0.16,0.68,76162539
0.152,0.695,0.152,32811471
0.333,0.333,0.333,16794521
0.222,0.222,0.555,8912536
0.292,0.292,0.417,50238320
0.41,0.18,0.41,12092475
0.243,0.243,0.513,18719633
0.042,0.917,0.042,52454943
0.146,0.146,0.708,47154842
0.41,0.18,0.41,59613215
0.208,0.208,0.583,40105064
0.333,0.333,0.333,40616112
0.208,0.208,0.583,6743363
0.083,0.083,0.833,24364930
0.125,0.125,0.75,45506890
0.292,0.292,0.417,42302026
0.417,0.167,0.417,61488767
0.292,0.292,0.417,25165712
0.208,0.208,0.583,45687769
0.083,0.083,0.833,31732438
0.083,0.083,0.833,559985
0.167,0.667,0.167,4559862
0.083,0.083,0.833,33840615
0.333,0.333,0.333,49516028
0.167,0.667,0.167,56320934
0.083,0.083,0.833,50238320
0.375,0.25,0.375,12895127
0.083,0.083,0.833,25846678
0.25,0.25,0.5,15017814
0.208,0.583,0.208,52805482
0.167,0.667,0.167,3702821
0.375,0.375,0.25,40105064
0.167,0.167,0.667,98970566
0.25,0.5,0.25,43434230
0.333,0.333,0.333,89015513
0.208,0.583,0.208,2989166
0.25,0.25,0.5,42302026
0.25,0.25,0.5,34963455
0.25,0.5,0.25,64193923
0.25,0.5,0.25,67226290
0.292,0.417,0.292,95590134
0.25,0.25,0.5,79505051
0.25,0.5,0.25,4559862
0.25,0.5,0.25,43929050
0.25,0.25,0.5,47131474
0.167,0.667,0.167,40636432
0.292,0.417,0.292,6027971
0.25,0.5,0.25,12092475
0.292,0.417,0.292,12895127
0.25,0.25,0.5,72828169
0.25,0.25,0.5,14945916
0.25,0.5,0.25,70338676
0.271,0.458,0.271,9318229
0.292,0.417,0.292,35201805
0.222,0.222,0.555,66231847
0.208,0.583,0.208,41064726
0.267,0.267,0.467,20542217
0.139,0.139,0.722,97384687
0.167,0.167,0.667,33104147
0.417,0.167,0.417,49232306
0.275,0.275,0.45,61692070
0.194,0.612,0.194,24943628
0.188,0.188,0.625,96596796
0.286,0.428,0.286,57879110
0.264,0.264,0.472,77751730
0.222,0.222,0.555,43940611
0.167,0.167,0.667,62718577
0.167,0.667,0.167,71752994
0.271,0.271,0.458,26389170
0.333,0.333,0.333,18073031
0.167,0.167,0.667,85024349
0.236,0.236,0.528,21644861
0.167,0.167,0.667,74198586
0.167,0.667,0.167,2267151
0.167,0.167,0.667,95123940
0.167,0.667,0.167,44317740
0.167,0.667,0.167,67136040
0.167,0.167,0.667,15097602
0.167,0.167,0.667,63153131
0.333,0.333,0.333,86186120
0.25,0.25,0.5,80894632
0.285,0.285,0.43,18176798
0.167,0.667,0.167,32398828
0.236,0.236,0.528,20279809
0.222,0.555,0.222,22307887
0.292,0.417,0.292,34630297
0.167,0.167,0.667,56316451
0.188,0.188,0.625,54866832
0.167,0.667,0.167,58174273
0.202,0.202,0.597,33417579
0.319,0.362,0.319,41454505
0.208,0.208,0.583,16948733
0.222,0.222,0.557,24051894
0.229,0.542,0.229,11550393
0.305,0.39,0.305,16689195
0.306,0.306,0.388,37168949
0.188,0.625,0.188,34629496
0.167,0.167,0.667,45782398
0.16,0.16,0.68,85280956
0.167,0.167,0.667,48765477
0.298,0.405,0.298,14263502
0.125,0.125,0.75,3126544
0.125,0.75,0.125,52502539
0.208,0.583,0.208,71855026
0.125,0.75,0.125,64244777
0.083,0.833,0.083,70771064
0.125,0.75,0.125,52003618
0.167,0.167,0.667,9642087
0.333,0.333,0.333,14601786
0.111,0.778,0.111,90647233
0.236,0.236,0.528,65272083
0.152,0.152,0.695,10090956
0.181,0.638,0.181,12324827
0.375,0.375,0.25,76918251
0.229,0.229,0.542,7514744
0.09,0.82,0.09,96257518
0.305,0.305,0.39,28810942
0.167,0.167,0.667,46037425
0.083,0.833,0.083,93558331
0.083,0.833,0.083,15877699
0.083,0.833,0.083,12492028
0.083,0.833,0.083,36952705
0.125,0.125,0.75,69505667
0.333,0.333,0.333,32269286
0.158,0.683,0.158,81962824
0.271,0.271,0.458,61313589
0.167,0.167,0.667,63475752
0.083,0.833,0.083,50859636
0.333,0.333,0.333,98449541
0.167,0.167,0.667,64305508
0.083,0.833,0.083,39487747
0.264,0.472,0.264,43840440
0.146,0.708,0.146,5049125
0.208,0.208,0.583,41552683
0.138,0.138,0.723,13749178
0.146,0.146,0.708,53295930
0.167,0.167,0.667,455106
0.292,0.292,0.417,66844839
0.208,0.208,0.583,11457617
0.298,0.298,0.403,45505757
0.167,0.167,0.667,67535719
0.167,0.167,0.667,55539869
0.083,0.833,0.083,63852080
0.167,0.167,0.667,12568483
0.208,0.208,0.583,85200540
0.083,0.833,0.083,55415834
0.167,0.167,0.667,97300621
0.167,0.167,0.667,44431662
0.333,0.333,0.333,8346614
0.361,0.278,0.361,28483136
0.375,0.375,0.25,31253629
0.167,0.167,0.667,33104147
0.375,0.25,0.375,91765097
0.208,0.208,0.583,31563996
0.125,0.125,0.75,99279675
0.104,0.104,0.792,50015437
0.333,0.333,0.333,43059704
0.333,0.333,0.333,77751730
0.327,0.347,0.327,54418111
0.312,0.312,0.375,4361579
0.083,0.083,0.833,30521525
0.062,0.875,0.062,22351213
0.042,0.917,0.042,49232306
0.0,1.0,0.0,94436837
0.167,0.167,0.667,37783257
0.167,0.167,0.667,99279675
0.167,0.167,0.667,32276560
0.157,0.157,0.687,74702469
0.167,0.167,0.667,43940611
0.125,0.75,0.125,71818140
0.25,0.25,0.5,21369642
0.146,0.146,0.708,63456411
0.042,0.042,0.917,73361988
0.167,0.167,0.667,21164143
0.167,0.167,0.667,21644861
0.167,0.167,0.667,89171532
0.021,0.021,0.958,80396970
0.167,0.167,0.667,87488333
0.167,0.167,0.667,64465217
0.035,0.035,0.93,64335364
0.1,0.1,0.8,15097602
0.0,1.0,0.0,55147211
0.202,0.202,0.595,11501350
0.125,0.125,0.75,77633709
0.167,0.167,0.667,85596696
0.188,0.188,0.625,8950428
0.083,0.833,0.083,20279809
0.058,0.058,0.883,26934636
0.225,0.225,0.55,44696921
0.125,0.125,0.75,87724360
0.204,0.204,0.592,19794892
0.146,0.146,0.708,61499310
0.104,0.104,0.792,33417579
0.0,1.0,0.0,36673684
0.167,0.167,0.667,20434852
0.167,0.167,0.667,43175515
0.167,0.167,0.667,7220644
0.183,0.183,0.633,56045257
0.152,0.152,0.695,37168949
0.0,1.0,0.0,99026233
0.167,0.167,0.667,18012307
0.167,0.167,0.667,52026074
0.25,0.25,0.5,54890783
0.271,0.458,0.271,60428320
0.188,0.625,0.188,3126544
0.0,1.0,0.0,41271045
0.292,0.292,0.417,42616618
0.194,0.194,0.612,83032481
0.188,0.188,0.625,18654155
0.041,0.918,0.041,17564098
0.083,0.083,0.833,9642087
0.253,0.253,0.493,63143411
0.167,0.167,0.667,8495566
0.181,0.181,0.638,8250550
0.25,0.5,0.25,63429621
0.194,0.612,0.194,55227732
0.167,0.167,0.667,76918251
0.014,0.972,0.014,8436142
0.167,0.167,0.667,42051937
0.188,0.188,0.625,87726400
0.354,0.354,0.292,21137318
0.198,0.605,0.198,83184471
0.021,0.958,0.021,15877699
0.2,0.2,0.6,76605123
0.271,0.271,0.458,29640881
0.139,0.139,0.722,53135294
0.306,0.306,0.388,85975553
0.833,0.083,0.083,29891893
0.167,0.167,0.667,61313589
0.229,0.542,0.229,90770365
0.0,1.0,0.0,99506641
0.083,0.833,0.083,99402802
0.083,0.083,0.833,12335363
0.264,0.264,0.472,34423062
0.333,0.333,0.333,43840440
0.025,0.95,0.025,71789621
0.125,0.125,0.75,71980924
0.042,0.042,0.917,16033006
0.181,0.181,0.638,79719466
0.25,0.25,0.5,66844677
0.167,0.167,0.667,66844839
0.0,1.0,0.0,96862347
0.167,0.167,0.667,2036787
0.162,0.162,0.675,99007996
0.083,0.083,0.833,19008067
0.188,0.188,0.625,67789724
0.167,0.167,0.667,12568483
0.056,0.056,0.888,37776877
0.037,0.037,0.925,67566660
0.125,0.125,0.75,59632161
0.017,0.017,0.967,68384803
0.208,0.208,0.583,52646376
0.883,0.058,0.058,59938041
0.162,0.675,0.162,35908263
0.0,0.0,1.0,48216084
0.079,0.079,0.842,6112429
0.037,0.037,0.925,47095635
0.014,0.014,0.972,37795995
0.222,0.222,0.555,39539627
0.0,1.0,0.0,38714725
0.042,0.917,0.042,22798620
0.167,0.167,0.667,7383109
0.167,0.167,0.667,81626505
0.167,0.167,0.667,36294526
0.167,0.167,0.667,71432475
0.188,0.625,0.188,47419238
0.167,0.167,0.667,76495616
0.319,0.319,0.362,16877049
0.181,0.181,0.638,66315849
0.111,0.111,0.778,43432041
0.208,0.208,0.583,81075524
0.0,1.0,0.0,75223024
0.251,0.251,0.498,64486083
0.222,0.555,0.222,41034145
0.208,0.208,0.583,48227217
0.354,0.292,0.354,41273984
0.317,0.317,0.367,27291394
0.202,0.202,0.597,75864178
0.083,0.833,0.083,62571721
0.152,0.152,0.695,4131431
0.075,0.075,0.85,50185021
0.112,0.112,0.775,73118339
0.052,0.052,0.897,20355074
0.098,0.098,0.805,82508144
0.083,0.083,0.833,21375171
0.167,0.167,0.667,39068111
0.125,0.125,0.75,88123280
0.0,1.0,0.0,28828997
0.383,0.383,0.233,34985957
0.027,0.945,0.027,62682900
0.208,0.208,0.583,27977191
0.292,0.292,0.417,33417357
0.167,0.167,0.667,29745374
0.181,0.181,0.638,31271106
0.188,0.188,0.625,16462000
0.25,0.25,0.5,47051949
0.062,0.062,0.875,71229770
0.194,0.194,0.612,54746569
0.042,0.042,0.917,93598417
0.236,0.236,0.528,12864094
0.111,0.111,0.778,32523011
0.229,0.229,0.542,33324785
0.188,0.188,0.625,42791565
0.0,1.0,0.0,75435808
0.119,0.762,0.119,85804378
0.312,0.312,0.375,8017112
0.167,0.167,0.667,74177418
0.188,0.188,0.625,58995102
0.275,0.275,0.45,36461137
0.178,0.178,0.643,35651812
0.118,0.118,0.763,34996089
0.125,0.75,0.125,17991182
0.181,0.181,0.638,27509654
0.258,0.485,0.258,8026487
0.298,0.298,0.405,83099561
0.333,0.333,0.333,44572967
0.188,0.188,0.625,54824704
0.0,1.0,0.0,6364455
0.333,0.333,0.333,61883776
0.0,1.0,0.0,95858405
0.142,0.142,0.717,3262458
0.194,0.194,0.612,18138563
0.275,0.275,0.45,39055832
0.125,0.125,0.75,33286663
0.083,0.083,0.833,47051138
0.042,0.917,0.042,35879362
0.258,0.258,0.485,87908724
0.042,0.042,0.917,88848656
0.243,0.243,0.513,48435131
0.243,0.243,0.513,73645933
0.167,0.167,0.667,12756729
0.021,0.958,0.021,73374468
0.248,0.248,0.505,19043348
0.083,0.083,0.833,82530089
0.183,0.183,0.633,91564749
0.146,0.146,0.708,3179383
0.229,0.229,0.542,12894916
0.188,0.625,0.188,20566336
0.236,0.236,0.528,9570316
0.167,0.167,0.667,57822024
0.104,0.104,0.792,8535437
0.042,0.042,0.917,92374059
0.283,0.283,0.433,83911506
0.125,0.75,0.125,7285342
0.298,0.298,0.405,40153125
0.194,0.194,0.612,25138816
0.162,0.162,0.675,58064927
0.098,0.805,0.098,60904612
0.104,0.104,0.792,30612648
0.158,0.683,0.158,67657724
0.194,0.194,0.612,55415835
0.292,0.417,0.292,43327607
0.037,0.037,0.925,97845279
0.167,0.167,0.667,48556522
0.194,0.194,0.612,30927567
0.058,0.883,0.058,17117791
0.202,0.202,0.597,70708993
0.167,0.167,0.667,44856761
0.263,0.263,0.473,88316019
0.058,0.883,0.058,71499988
0.117,0.117,0.767,63564376
0.058,0.883,0.058,88712342
0.167,0.167,0.667,16892429
0.0,0.0,1.0,27239952
0.237,0.527,0.237,57389727
0.251,0.251,0.498,94935464
0.183,0.183,0.633,90358694
0.167,0.667,0.167,31067779
0.271,0.271,0.458,53353285
0.365,0.365,0.27,6569115
0.048,0.903,0.048,26939195
0.312,0.312,0.375,13764870
0.264,0.264,0.472,17476238
0.125,0.75,0.125,62267731
0.188,0.188,0.625,81301230
0.348,0.348,0.305,4159211
0.167,0.167,0.667,39909318
0.167,0.167,0.667,7805728
0.292,0.417,0.292,35516882
0.118,0.763,0.118,43163292
0.306,0.306,0.388,25548648
0.167,0.167,0.667,11316154
0.188,0.188,0.625,30399008
0.083,0.833,0.083,13834242
0.354,0.354,0.292,68949609
0.194,0.612,0.194,25589824
0.208,0.208,0.583,88275917
0.312,0.312,0.377,8992576
0.125,0.75,0.125,41357613
0.302,0.302,0.395,90021159
0.2,0.2,0.6,77433463
0.292,0.417,0.292,18664242
0.222,0.555,0.222,41471061
0.283,0.433,0.283,54856769
0.246,0.246,0.508,46111214
0.267,0.267,0.467,77377740
0.035,0.035,0.93,45262726
0.222,0.555,0.222,14779054
0.2,0.2,0.6,45223050
0.204,0.204,0.592,39199598
0.32,0.36,0.32,95944921
0.037,0.925,0.037,66139742
0.139,0.139,0.722,22871540
0.148,0.703,0.148,55788237
0.125,0.125,0.75,54078041
0.194,0.194,0.612,28510605
0.052,0.052,0.897,19733658
0.86,0.07,0.07,47316945
0.277,0.277,0.445,77686271
0.208,0.583,0.208,86250784
0.167,0.167,0.667,84334178
0.271,0.271,0.458,99317206
0.292,0.292,0.417,48056835
0.062,0.062,0.875,44282950
0.288,0.288,0.425,26650285
0.292,0.292,0.417,82492414
0.32,0.32,0.36,39123349
0.319,0.319,0.362,30702797
0.139,0.139,0.722,29278784
0.269,0.269,0.462,66647713
0.194,0.612,0.194,11948455
0.0,1.0,0.0,14161111
0.208,0.583,0.208,12493263
0.083,0.083,0.833,26254621
0.222,0.222,0.555,35350065
0.194,0.194,0.612,57885928
0.212,0.212,0.577,94567063
0.25,0.25,0.5,40839829
0.216,0.216,0.568,46042816
0.229,0.229,0.542,61694074
0.058,0.058,0.883,41677453
0.083,0.833,0.083,24940595
0.188,0.188,0.625,77281164
0.072,0.072,0.855,41259290
0.183,0.183,0.633,65380809
0.183,0.183,0.633,80283190
0.25,0.25,0.5,37925696
0.25,0.25,0.5,44174778
0.358,0.358,0.285,87012915
0.0,1.0,0.0,12679999
0.083,0.083,0.833,22573452
0.292,0.292,0.417,38322057
0.292,0.417,0.292,27601013
0.292,0.292,0.417,17152533
0.25,0.25,0.5,25369551
0.236,0.236,0.528,35993728
0.225,0.225,0.55,69460624
0.188,0.188,0.625,54507355
0.267,0.267,0.467,94490787
0.25,0.25,0.5,84043699
0.281,0.281,0.438,84664598
0.125,0.75,0.125,25803211
0.298,0.298,0.403,14980194
0.358,0.358,0.285,75622721
0.348,0.348,0.305,98101164
0.247,0.507,0.247,48544835
0.083,0.083,0.833,97795826
0.167,0.167,0.667,52630508
0.271,0.271,0.458,54130399
0.146,0.146,0.708,70057168
0.268,0.268,0.465,50957386
0.25,0.25,0.5,48469600
0.142,0.142,0.717,34978170
0.285,0.285,0.43,31546195
0.09,0.09,0.82,23334667
0.178,0.178,0.643,19208163
0.167,0.667,0.167,41385531
0.181,0.638,0.181,42526660
0.375,0.375,0.25,25895905
0.152,0.695,0.152,79491636
0.32,0.36,0.32,72738915
0.167,0.167,0.667,26228809
0.306,0.306,0.388,35316867
0.167,0.667,0.167,55325386
0.083,0.833,0.083,99852144
0.292,0.292,0.417,78790916
0.152,0.152,0.695,95744777
0.375,0.25,0.375,41079245
0.292,0.417,0.292,45593818
0.114,0.772,0.114,77399713
0.16,0.16,0.68,99294287
0.112,0.777,0.112,44552610
0.263,0.263,0.473,63230931
0.333,0.333,0.333,45004669
0.264,0.264,0.472,1478704
0.292,0.292,0.417,32205334
0.319,0.362,0.319,97129398
0.264,0.264,0.472,17947597
0.358,0.283,0.358,30255727
0.337,0.337,0.327,28406594
0.236,0.236,0.528,25853816
0.222,0.555,0.222,31487355
0.125,0.125,0.75,26435318
0.32,0.36,0.32,44571839
0.188,0.188,0.625,8838066
0.403,0.403,0.193,77335773
0.25,0.25,0.5,53336528
0.292,0.417,0.292,55491228
0.277,0.277,0.445,52460472
0.392,0.392,0.215,88146083
0.132,0.132,0.737,81626876
0.333,0.333,0.333,47235922
0.188,0.188,0.625,11717090
0.208,0.583,0.208,77225188
0.222,0.222,0.555,98179811
0.236,0.528,0.236,15045918
0.188,0.188,0.625,39866504
0.333,0.333,0.333,26288940
0.142,0.142,0.717,85713682
0.292,0.417,0.292,11944291
0.277,0.277,0.445,50223841
0.021,0.958,0.021,60375118
0.083,0.083,0.833,80310007
0.264,0.264,0.472,11839463
0.308,0.308,0.383,32623359
0.083,0.833,0.083,93434712
0.083,0.083,0.833,44496279
0.312,0.375,0.312,58349102
0.167,0.167,0.667,14399167
0.236,0.236,0.528,27700155
0.277,0.277,0.445,86662129
0.188,0.188,0.625,47739374
0.292,0.417,0.292,24933670
0.021,0.958,0.021,6072511
0.219,0.219,0.562,45333295
0.208,0.208,0.583,33118053
0.396,0.396,0.208,87183244
0.021,0.958,0.021,60304496
0.111,0.111,0.778,61214746
0.222,0.555,0.222,23304086
0.271,0.271,0.458,36229953
0.25,0.25,0.5,66982560
0.229,0.229,0.542,1815261
0.312,0.312,0.375,3347295
0.152,0.152,0.695,13526362
0.208,0.208,0.583,17248963
0.333,0.333,0.333,30658359
0.173,0.653,0.173,45965471
0.292,0.292,0.417,35133434
0.243,0.513,0.243,29463739
0.255,0.49,0.255,24894846
0.215,0.57,0.215,66873649
0.194,0.194,0.612,42450003
0.348,0.348,0.305,72164356
0.292,0.292,0.417,1727203
0.225,0.225,0.55,6876491
0.198,0.198,0.605,35012152
0.0,1.0,0.0,83577953
0.312,0.312,0.375,40557321
0.188,0.188,0.625,48574372
0.583,0.208,0.208,90027238
0.229,0.229,0.542,47591954
0.292,0.292,0.417,23115588
0.152,0.152,0.695,83623240
0.225,0.225,0.55,5937234
0.132,0.132,0.737,2929837
0.317,0.367,0.317,27168823
0.28,0.28,0.44,20791549
0.167,0.167,0.667,73282991
0.325,0.35,0.325,77457591
0.32,0.36,0.32,85960555
